1	5104
2	2657
3	3035
4	2031
5	2079
6	1708
7	1587
8	1346
9	1329
10	1167
11	1079
12	1048
13	994
14	893
15	899
16	867
17	827
18	779
19	795
20	725
21	693
22	705
23	683
24	623
25	644
26	692
27	593
28	620
29	624
30	563
31	566
32	546
33	534
34	489
35	541
36	501
37	485
38	426
39	489
40	441
41	427
42	430
43	447
44	415
45	412
46	372
47	394
48	372
49	378
50	363
51	349
52	361
53	355
54	355
55	312
56	331
57	343
58	273
59	310
60	278
61	304
62	295
63	264
64	248
65	257
66	254
67	255
68	271
69	240
70	227
71	251
72	227
73	215
74	227
75	239
76	221
77	196
78	196
79	184
80	208
81	214
82	227
83	193
84	181
85	204
86	164
87	177
88	166
89	175
90	163
91	176
92	182
93	171
94	166
95	163
96	153
97	151
98	163
99	135
100	158
101	156
102	143
103	148
104	155
105	152
106	144
107	156
108	159
109	139
110	132
111	131
112	122
113	142
114	122
115	120
116	132
117	138
118	141
119	121
120	127
121	107
122	108
123	120
124	87
125	106
126	112
127	107
128	108
129	131
130	118
131	99
132	108
133	81
134	81
135	101
136	97
137	104
138	118
139	118
140	99
141	107
142	92
143	95
144	91
145	107
146	95
147	95
148	86
149	80
150	89
151	82
152	84
153	77
154	95
155	70
156	90
157	89
158	71
159	88
160	59
161	83
162	68
163	82
164	77
165	79
166	80
167	85
168	68
169	64
170	63
171	72
172	92
173	73
174	75
175	58
176	64
177	60
178	54
179	58
180	67
181	62
182	69
183	57
184	78
185	72
186	51
187	69
188	53
189	65
190	51
191	58
192	54
193	57
194	64
195	63
196	41
197	60
198	49
199	49
200	61
201	50
202	52
203	58
204	59
205	43
206	47
207	40
208	52
209	48
210	36
211	39
212	48
213	36
214	44
215	41
216	41
217	51
218	46
219	32
220	40
221	41
222	46
223	29
224	38
225	39
226	30
227	40
228	39
229	38
230	41
231	39
232	35
233	33
234	29
235	34
236	34
237	33
238	32
239	28
240	40
241	31
242	24
243	31
244	37
245	23
246	32
247	27
248	28
249	25
250	25
251	32
252	39
253	42
254	32
255	23
256	27
257	32
258	28
259	21
260	30
261	24
262	24
263	24
264	25
265	37
266	34
267	25
268	35
269	27
270	18
271	26
272	30
273	21
274	27
275	29
276	31
277	20
278	31
279	24
280	30
281	21
282	19
283	26
284	28
285	20
286	26
287	24
288	15
289	16
290	18
291	21
292	23
293	23
294	20
295	15
296	18
297	22
298	12
299	17
300	21
301	17
302	13
303	14
304	21
305	17
306	20
307	15
308	20
309	27
310	20
311	14
312	26
313	23
314	21
315	13
316	16
317	15
318	17
319	9
320	21
321	18
322	26
323	13
324	19
325	19
326	14
327	10
328	13
329	9
330	13
331	12
332	10
333	15
334	14
335	21
336	17
337	16
338	20
339	13
340	17
341	18
342	11
343	15
344	17
345	11
346	20
347	20
348	21
349	10
350	12
351	11
352	10
353	25
354	17
355	9
356	13
357	15
358	13
359	23
360	13
361	15
362	12
363	10
364	11
365	14
366	11
367	16
368	19
369	9
370	7
371	13
372	9
373	11
374	12
375	6
376	4
377	7
378	9
379	9
380	11
381	10
382	8
383	16
384	12
385	12
386	15
387	12
388	6
389	17
390	9
391	9
392	9
393	9
394	9
395	12
396	12
397	11
398	8
399	12
400	11
401	7
402	10
403	9
404	14
405	8
406	4
407	6
408	9
409	8
410	10
411	9
412	12
413	5
414	8
415	9
416	12
417	10
418	7
419	8
420	11
421	11
422	10
423	10
424	6
425	13
426	7
427	8
428	9
429	4
430	10
431	11
432	5
433	4
434	12
435	8
436	12
437	7
438	4
439	7
440	5
441	7
442	7
443	6
444	7
445	11
446	8
447	5
448	13
449	8
450	7
451	5
452	12
453	9
454	4
455	6
456	3
457	9
458	5
459	8
460	4
461	9
462	3
463	8
464	8
465	11
466	8
467	3
468	8
469	6
470	7
471	6
472	9
473	6
474	6
475	5
476	6
477	6
478	4
479	12
480	5
481	2
482	5
483	2
484	5
485	4
486	9
487	10
488	3
489	5
490	4
491	7
492	6
493	7
494	7
495	4
496	8
497	4
498	9
499	6
500	3
501	2
502	5
503	1
504	4
505	5
506	2
507	6
508	5
509	10
510	3
511	5
512	4
513	3
514	3
515	6
516	3
517	6
518	8
519	5
520	4
521	2
522	1
523	3
524	7
525	5
526	3
527	4
528	6
529	6
530	10
531	8
532	2
533	9
534	8
535	5
536	2
537	8
538	10
539	6
540	6
541	2
542	4
543	3
544	6
545	1
546	3
547	8
548	8
549	6
550	4
551	2
552	4
553	9
554	1
555	4
556	3
557	6
558	7
559	8
560	3
561	4
562	3
563	4
564	6
565	5
566	2
567	4
568	4
569	3
570	4
571	5
572	2
573	3
574	6
575	1
576	1
577	3
578	8
579	3
580	3
581	4
582	1
583	6
584	4
585	5
586	1
587	2
588	2
589	5
590	3
591	5
592	1
593	2
594	4
595	4
596	4
597	3
598	6
599	4
600	7
601	1
602	3
603	2
604	1
605	2
606	9
607	2
608	1
609	5
610	3
611	3
612	7
613	3
614	3
615	3
616	2
617	3
618	3
619	2
620	4
621	2
622	7
623	2
624	1
625	1
626	1
627	4
628	1
629	3
630	2
631	3
632	3
633	3
634	3
635	1
636	4
637	2
638	5
639	2
640	1
641	4
642	2
644	4
645	2
646	5
647	1
648	4
649	1
651	1
652	1
653	3
654	2
655	1
656	2
657	1
658	3
659	1
660	3
661	4
662	3
663	4
664	2
665	4
667	2
668	3
669	1
670	1
671	4
672	1
673	2
674	1
675	2
676	5
677	3
678	1
679	2
680	7
681	2
682	2
683	4
684	3
685	3
686	1
687	1
688	2
689	2
690	3
691	1
692	1
693	3
694	3
695	4
696	2
698	1
699	2
700	2
701	2
702	5
703	4
704	3
705	4
707	4
708	2
709	2
710	1
712	2
713	3
714	1
716	1
718	1
719	4
720	1
723	2
724	2
725	1
727	4
728	1
729	1
730	1
731	3
732	2
733	6
734	1
735	2
737	1
738	2
739	2
740	2
741	1
742	2
744	1
745	1
746	2
747	1
748	1
749	1
751	2
753	3
754	3
755	2
756	2
758	1
759	1
760	1
761	4
762	2
763	2
764	3
765	1
766	3
769	1
771	1
773	3
774	1
778	1
779	1
780	1
781	3
783	1
784	1
786	2
787	1
788	1
790	1
791	3
794	1
795	1
796	1
797	1
798	1
799	1
800	1
801	2
803	2
805	3
807	2
808	2
809	3
810	3
811	2
812	1
813	3
814	2
815	1
817	3
819	2
820	1
823	4
824	1
825	1
826	2
828	1
830	2
832	1
834	1
835	2
837	1
838	3
839	2
841	1
844	2
845	2
846	1
847	1
849	2
850	4
852	1
855	1
856	2
858	1
859	2
860	2
862	1
864	2
865	2
866	1
867	2
869	3
870	2
871	2
872	1
873	3
875	1
877	2
880	1
882	1
883	2
884	2
887	2
888	1
891	1
892	1
895	1
897	1
900	1
901	2
904	5
906	2
909	1
910	2
912	2
914	1
915	1
916	2
917	1
918	1
921	2
924	1
925	1
926	1
928	3
929	2
936	1
937	1
941	1
946	1
947	1
948	1
949	1
952	1
953	1
954	1
957	1
958	2
959	1
961	1
963	2
964	1
965	2
967	2
968	1
971	1
974	1
975	1
978	1
979	2
980	1
983	1
985	1
987	2
993	1
995	1
1001	1
1003	1
1006	1
1008	2
1009	1
1013	2
1020	1
1023	1
1024	2
1026	1
1027	2
1030	1
1031	1
1034	1
1037	1
1041	1
1049	1
1051	1
1053	1
1055	1
1058	1
1061	2
1067	1
1070	1
1077	3
1085	1
1087	2
1089	2
1092	1
1096	2
1100	1
1101	1
1102	1
1107	1
1114	1
1117	1
1118	1
1119	2
1126	2
1128	1
1130	2
1132	2
1135	1
1138	1
1139	1
1141	1
1142	1
1144	1
1147	1
1149	1
1153	2
1155	1
1159	2
1161	1
1163	1
1165	1
1171	1
1172	1
1173	1
1175	1
1178	2
1183	1
1191	1
1193	1
1194	1
1203	1
1222	1
1226	1
1227	1
1229	1
1231	1
1232	1
1238	1
1240	1
1256	1
1262	1
1268	1
1276	1
1285	2
1293	1
1294	1
1296	1
1298	1
1302	1
1305	1
1331	1
1337	1
1339	1
1340	2
1348	1
1353	1
1358	1
1362	1
1370	1
1373	1
1390	1
1407	1
1424	1
1436	1
1442	1
1445	1
1504	1
1517	1
1518	1
1538	1
1539	1
1541	1
1558	1
1574	1
1581	1
1586	1
1588	1
1594	1
1598	1
1603	1
1645	1
1652	1
1656	1
1659	1
1670	1
1697	1
1709	1
1726	1
1735	1
1741	1
1763	1
1764	1
1782	1
1846	1
1856	2
1872	1
1877	1
1918	1
1976	1
2056	1
2067	1
2083	1
2124	1
2144	1
2156	1
2236	1
2252	1
2276	1
2522	1
2772	1
