1	4630
2	2108
3	2659
4	1847
5	2040
6	1383
7	1321
8	1144
9	1210
10	1084
11	1106
12	1008
13	1063
14	985
15	971
16	880
17	942
18	864
19	852
20	755
21	784
22	723
23	707
24	689
25	682
26	586
27	623
28	562
29	550
30	532
31	562
32	498
33	495
34	495
35	468
36	466
37	477
38	461
39	446
40	455
41	431
42	418
43	439
44	470
45	447
46	439
47	435
48	419
49	391
50	374
51	380
52	369
53	423
54	361
55	401
56	363
57	368
58	340
59	335
60	355
61	300
62	297
63	322
64	337
65	304
66	292
67	291
68	288
69	264
70	277
71	258
72	278
73	255
74	272
75	227
76	266
77	268
78	240
79	257
80	226
81	245
82	227
83	200
84	210
85	236
86	210
87	209
88	222
89	236
90	200
91	206
92	211
93	213
94	190
95	178
96	217
97	200
98	207
99	181
100	183
101	185
102	192
103	148
104	171
105	183
106	188
107	162
108	172
109	178
110	166
111	152
112	174
113	160
114	168
115	170
116	161
117	152
118	148
119	150
120	147
121	162
122	154
123	135
124	142
125	157
126	132
127	135
128	150
129	136
130	136
131	138
132	164
133	135
134	140
135	161
136	132
137	139
138	138
139	137
140	126
141	125
142	129
143	152
144	105
145	149
146	131
147	141
148	132
149	97
150	124
151	116
152	124
153	112
154	112
155	98
156	123
157	101
158	95
159	117
160	100
161	116
162	97
163	105
164	107
165	102
166	101
167	100
168	110
169	92
170	97
171	102
172	95
173	108
174	91
175	97
176	103
177	99
178	99
179	102
180	94
181	95
182	83
183	91
184	100
185	94
186	67
187	77
188	93
189	66
190	77
191	84
192	79
193	89
194	82
195	70
196	59
197	77
198	73
199	63
200	73
201	71
202	59
203	84
204	67
205	69
206	76
207	59
208	63
209	71
210	59
211	76
212	82
213	67
214	63
215	69
216	49
217	60
218	51
219	61
220	61
221	60
222	79
223	61
224	56
225	57
226	58
227	47
228	55
229	60
230	52
231	66
232	42
233	43
234	54
235	47
236	72
237	48
238	51
239	57
240	46
241	44
242	56
243	44
244	38
245	50
246	44
247	45
248	53
249	40
250	45
251	42
252	40
253	35
254	41
255	39
256	33
257	43
258	42
259	51
260	45
261	41
262	44
263	46
264	36
265	34
266	28
267	39
268	40
269	37
270	31
271	33
272	31
273	43
274	38
275	40
276	34
277	25
278	22
279	34
280	39
281	33
282	27
283	34
284	33
285	37
286	44
287	33
288	43
289	35
290	30
291	27
292	35
293	29
294	38
295	32
296	32
297	17
298	28
299	35
300	32
301	22
302	22
303	29
304	25
305	26
306	31
307	24
308	34
309	22
310	42
311	25
312	34
313	27
314	26
315	31
316	23
317	32
318	23
319	24
320	26
321	27
322	24
323	27
324	21
325	27
326	15
327	26
328	24
329	24
330	26
331	23
332	32
333	18
334	26
335	19
336	27
337	19
338	24
339	21
340	17
341	17
342	17
343	22
344	20
345	19
346	24
347	27
348	21
349	23
350	20
351	23
352	22
353	29
354	21
355	28
356	21
357	25
358	28
359	17
360	22
361	20
362	21
363	31
364	14
365	17
366	25
367	12
368	20
369	25
370	19
371	20
372	14
373	19
374	20
375	18
376	15
377	19
378	17
379	12
380	16
381	22
382	16
383	20
384	15
385	23
386	17
387	14
388	18
389	11
390	16
391	13
392	19
393	23
394	14
395	14
396	18
397	22
398	15
399	13
400	22
401	23
402	11
403	17
404	15
405	15
406	16
407	11
408	20
409	16
410	18
411	13
412	12
413	11
414	12
415	11
416	11
417	9
418	11
419	13
420	8
421	13
422	10
423	18
424	17
425	15
426	16
427	11
428	11
429	18
430	12
431	7
432	4
433	14
434	7
435	10
436	9
437	16
438	12
439	13
440	11
441	14
442	12
443	7
444	10
445	15
446	13
447	13
448	6
449	7
450	13
451	11
452	9
453	9
454	10
455	9
456	12
457	9
458	16
459	9
460	4
461	12
462	6
463	11
464	6
465	12
466	7
467	9
468	12
469	13
470	15
471	11
472	6
473	8
474	9
475	18
476	11
477	14
478	11
479	7
480	2
481	12
482	7
483	10
484	11
485	6
486	10
487	8
488	9
489	10
490	8
491	12
492	10
493	12
494	9
495	5
496	7
497	6
498	4
499	7
500	7
501	9
502	7
503	4
504	8
505	7
506	8
507	7
508	5
509	4
510	7
511	11
512	8
513	4
514	4
515	5
516	7
517	12
518	8
519	11
520	7
521	9
522	6
523	8
524	2
525	6
526	4
527	10
528	5
529	5
530	6
531	6
532	5
533	7
534	5
535	8
536	8
537	10
538	5
539	8
540	7
541	5
542	4
543	4
544	3
545	2
546	7
547	3
548	5
549	8
550	6
551	2
552	8
553	11
554	4
555	12
556	5
557	1
558	5
559	5
560	13
561	10
562	8
563	5
564	8
565	8
566	8
567	3
568	6
569	3
570	6
571	4
572	6
573	6
574	4
575	1
576	6
577	3
578	3
579	6
580	2
581	3
582	8
583	7
584	5
585	4
586	2
587	4
588	6
589	4
590	3
591	2
592	4
593	3
594	2
595	4
596	4
597	2
598	5
599	6
600	5
601	4
602	5
603	4
604	5
605	5
606	5
607	4
608	3
609	4
610	2
611	4
612	6
613	3
614	2
615	3
616	2
617	7
618	6
619	5
620	5
621	5
622	3
623	2
624	7
625	1
626	5
627	3
628	5
629	5
630	3
631	4
632	6
633	8
634	9
635	5
636	2
637	5
638	3
639	3
640	6
641	2
642	4
643	3
644	6
645	4
646	1
647	2
648	5
649	5
650	3
651	2
652	5
654	5
656	4
657	5
658	1
659	7
660	3
661	5
662	2
663	4
664	3
665	2
666	2
667	3
668	5
669	3
670	2
671	4
672	4
673	1
674	3
675	2
676	2
677	2
678	2
679	2
680	2
681	1
683	3
684	3
685	2
686	1
687	5
688	1
689	4
690	3
691	1
692	4
693	2
694	2
695	1
696	3
697	3
698	2
699	3
700	1
701	6
702	3
703	4
705	2
706	2
707	5
708	1
710	2
711	2
712	2
715	3
716	2
717	1
718	2
719	2
720	1
721	3
722	4
723	2
724	1
725	1
726	1
728	2
729	2
730	3
731	4
732	3
733	3
734	1
735	2
736	2
737	1
738	6
739	5
740	1
741	3
742	2
743	1
745	1
746	4
747	3
749	1
750	1
751	2
752	1
754	4
755	1
756	2
757	2
759	3
760	2
761	2
762	2
764	4
765	3
766	1
767	1
768	1
769	3
770	4
771	3
772	2
773	2
774	4
777	2
778	4
780	9
781	1
783	3
784	1
785	1
786	1
787	2
788	1
789	1
790	3
791	1
792	1
793	2
794	2
796	1
797	1
798	2
799	2
801	1
802	1
804	3
806	1
807	3
808	2
809	2
810	1
811	3
812	1
813	2
814	1
815	1
816	4
818	3
819	1
820	4
822	1
824	1
825	3
826	1
827	6
828	2
829	1
830	4
831	3
832	3
834	1
835	1
837	1
838	3
840	1
841	2
842	1
843	5
844	2
845	2
846	3
847	1
849	4
850	1
851	1
852	1
853	2
854	3
855	3
856	2
858	4
859	1
861	4
864	1
865	2
869	2
870	1
871	1
872	1
873	2
876	1
877	1
878	2
879	1
880	2
881	1
883	5
884	2
885	4
889	1
890	1
893	2
894	1
896	3
897	1
899	2
900	2
902	3
906	3
907	1
908	1
909	2
910	1
912	1
913	2
914	2
916	2
917	2
924	1
925	1
926	2
927	1
929	2
930	1
932	2
933	2
934	3
936	2
937	1
938	1
939	1
940	3
943	1
944	3
945	1
948	1
949	1
950	1
951	1
953	2
954	3
957	2
958	2
960	3
963	1
968	1
969	2
970	2
971	1
972	2
973	2
975	1
976	1
977	1
978	1
979	1
981	3
983	1
985	1
986	1
990	1
994	1
998	1
999	1
1001	1
1003	1
1005	1
1006	1
1013	1
1014	3
1015	1
1017	1
1020	2
1024	1
1028	1
1030	2
1031	1
1033	1
1034	1
1039	1
1041	1
1044	1
1046	1
1050	1
1051	1
1053	1
1056	1
1057	1
1058	1
1063	1
1064	1
1067	1
1070	1
1072	1
1074	1
1076	1
1077	1
1080	2
1083	2
1085	2
1087	1
1089	1
1091	1
1098	3
1099	2
1101	2
1104	1
1105	1
1106	1
1108	2
1110	1
1111	1
1112	1
1117	1
1119	1
1122	1
1123	1
1124	1
1125	1
1128	1
1131	1
1134	1
1135	1
1136	1
1138	2
1141	2
1142	1
1143	1
1144	1
1146	1
1150	1
1153	1
1156	1
1157	1
1160	1
1167	1
1170	1
1176	1
1177	2
1179	1
1188	1
1190	1
1193	1
1194	1
1196	1
1202	1
1203	1
1209	1
1211	1
1214	1
1215	2
1222	1
1224	1
1231	1
1234	1
1235	1
1236	1
1238	1
1241	1
1255	1
1258	2
1259	1
1270	2
1271	1
1272	1
1274	1
1275	1
1280	2
1281	2
1289	1
1291	1
1315	1
1335	1
1336	1
1337	2
1348	1
1359	1
1361	1
1380	1
1386	1
1403	1
1407	2
1408	1
1415	1
1416	1
1426	2
1446	1
1449	1
1463	1
1467	1
1470	2
1476	1
1506	1
1507	1
1523	1
1532	3
1541	1
1542	1
1545	1
1546	1
1547	1
1564	1
1574	1
1575	1
1586	1
1603	1
1610	1
1614	1
1628	1
1632	1
1641	2
1645	1
1663	1
1666	1
1680	1
1694	1
1701	1
1734	1
1739	1
1757	1
1792	1
1812	1
1827	1
1842	1
1862	1
1876	1
1900	1
1942	1
1969	1
2005	1
2006	1
2008	1
2018	1
2034	1
2038	1
2066	1
2083	1
2085	1
2118	1
2128	1
2249	1
2365	1
2439	1
2760	1
2811	1
2850	1
