1	4526
2	2125
3	2751
4	1873
5	2054
6	1346
7	1327
8	1187
9	1120
10	1022
11	1084
12	1018
13	1014
14	960
15	943
16	909
17	875
18	792
19	816
20	745
21	851
22	651
23	713
24	608
25	668
26	586
27	591
28	517
29	514
30	501
31	485
32	470
33	527
34	398
35	466
36	416
37	422
38	410
39	398
40	402
41	407
42	360
43	351
44	361
45	356
46	375
47	354
48	367
49	326
50	335
51	313
52	348
53	300
54	318
55	305
56	293
57	321
58	322
59	279
60	253
61	284
62	269
63	250
64	270
65	245
66	269
67	240
68	259
69	268
70	229
71	264
72	268
73	256
74	248
75	249
76	241
77	240
78	222
79	238
80	240
81	248
82	217
83	248
84	232
85	188
86	221
87	214
88	238
89	239
90	252
91	223
92	218
93	204
94	205
95	194
96	204
97	228
98	212
99	200
100	191
101	181
102	201
103	180
104	180
105	171
106	192
107	187
108	193
109	202
110	157
111	166
112	180
113	155
114	149
115	163
116	134
117	163
118	168
119	164
120	159
121	163
122	142
123	168
124	144
125	161
126	173
127	133
128	147
129	159
130	152
131	151
132	125
133	130
134	145
135	127
136	122
137	120
138	152
139	127
140	135
141	110
142	128
143	121
144	107
145	126
146	137
147	120
148	103
149	109
150	111
151	120
152	114
153	118
154	128
155	122
156	99
157	108
158	95
159	108
160	98
161	92
162	105
163	114
164	111
165	106
166	114
167	92
168	93
169	87
170	99
171	102
172	96
173	84
174	79
175	94
176	91
177	105
178	89
179	92
180	96
181	84
182	81
183	80
184	67
185	82
186	61
187	79
188	83
189	90
190	74
191	68
192	79
193	71
194	79
195	68
196	68
197	70
198	92
199	88
200	86
201	57
202	64
203	54
204	54
205	58
206	86
207	73
208	88
209	65
210	72
211	55
212	62
213	71
214	69
215	62
216	58
217	50
218	65
219	63
220	58
221	60
222	59
223	72
224	53
225	55
226	62
227	65
228	49
229	67
230	57
231	62
232	63
233	53
234	48
235	47
236	46
237	48
238	55
239	53
240	51
241	54
242	53
243	56
244	40
245	52
246	39
247	47
248	60
249	55
250	52
251	46
252	54
253	46
254	48
255	43
256	47
257	34
258	49
259	40
260	44
261	33
262	44
263	43
264	41
265	46
266	29
267	42
268	55
269	32
270	48
271	43
272	43
273	40
274	44
275	52
276	36
277	35
278	40
279	47
280	55
281	37
282	33
283	45
284	36
285	32
286	46
287	33
288	29
289	49
290	37
291	41
292	41
293	41
294	32
295	29
296	39
297	37
298	32
299	36
300	41
301	34
302	40
303	28
304	32
305	26
306	35
307	37
308	30
309	44
310	35
311	29
312	43
313	30
314	38
315	46
316	29
317	27
318	33
319	38
320	35
321	38
322	37
323	29
324	32
325	24
326	34
327	49
328	27
329	28
330	29
331	36
332	31
333	30
334	31
335	33
336	27
337	22
338	30
339	30
340	25
341	31
342	25
343	19
344	35
345	21
346	38
347	32
348	26
349	25
350	31
351	34
352	25
353	19
354	25
355	34
356	30
357	35
358	35
359	14
360	22
361	31
362	23
363	24
364	31
365	24
366	37
367	30
368	17
369	30
370	27
371	21
372	26
373	28
374	29
375	27
376	21
377	28
378	21
379	26
380	25
381	24
382	17
383	27
384	29
385	19
386	26
387	24
388	27
389	26
390	22
391	27
392	26
393	24
394	25
395	24
396	24
397	19
398	21
399	24
400	24
401	29
402	17
403	24
404	26
405	21
406	31
407	18
408	20
409	16
410	28
411	11
412	33
413	20
414	14
415	22
416	19
417	16
418	24
419	22
420	17
421	9
422	16
423	24
424	15
425	15
426	20
427	15
428	31
429	10
430	15
431	20
432	18
433	21
434	18
435	17
436	19
437	12
438	16
439	22
440	25
441	17
442	25
443	12
444	9
445	16
446	26
447	18
448	18
449	18
450	17
451	17
452	19
453	17
454	13
455	10
456	18
457	15
458	20
459	16
460	20
461	15
462	12
463	13
464	13
465	12
466	20
467	17
468	17
469	16
470	28
471	14
472	21
473	18
474	12
475	17
476	14
477	11
478	23
479	22
480	18
481	13
482	13
483	12
484	16
485	15
486	11
487	8
488	21
489	13
490	19
491	17
492	14
493	10
494	13
495	12
496	22
497	18
498	13
499	19
500	25
501	7
502	12
503	14
504	7
505	18
506	17
507	19
508	9
509	17
510	15
511	12
512	13
513	13
514	18
515	12
516	15
517	10
518	17
519	18
520	17
521	13
522	9
523	16
524	14
525	13
526	8
527	13
528	13
529	11
530	8
531	10
532	9
533	8
534	16
535	9
536	19
537	15
538	14
539	5
540	12
541	17
542	16
543	18
544	17
545	9
546	12
547	8
548	10
549	16
550	14
551	12
552	15
553	8
554	15
555	12
556	18
557	13
558	4
559	13
560	13
561	15
562	14
563	14
564	11
565	11
566	8
567	11
568	14
569	13
570	11
571	7
572	11
573	12
574	13
575	4
576	10
577	9
578	8
579	13
580	7
581	12
582	8
583	14
584	5
585	13
586	17
587	8
588	13
589	10
590	9
591	12
592	7
593	13
594	11
595	8
596	13
597	6
598	11
599	13
600	8
601	13
602	13
603	7
604	9
605	9
606	7
607	6
608	12
609	15
610	7
611	11
612	15
613	9
614	12
615	9
616	10
617	13
618	9
619	13
620	17
621	11
622	7
623	13
624	12
625	7
626	10
627	13
628	7
629	5
630	9
631	7
632	14
633	10
634	9
635	9
636	10
637	10
638	9
639	10
640	9
641	11
642	11
643	8
644	10
645	10
646	7
647	8
648	5
649	11
650	9
651	12
652	6
653	7
654	8
655	8
656	5
657	12
658	7
659	8
660	7
661	4
662	10
663	4
664	13
665	5
666	10
667	5
668	6
669	11
670	9
671	17
672	10
673	9
674	5
675	5
676	8
677	14
678	8
679	6
680	6
681	2
682	3
683	6
684	8
685	7
686	6
687	8
688	9
689	10
690	15
691	5
692	4
693	8
694	3
695	4
696	8
697	7
698	7
699	6
700	7
701	6
702	5
703	4
704	8
705	3
706	2
707	3
708	8
709	1
710	4
711	3
712	7
713	5
714	7
715	7
716	5
717	11
718	3
719	8
720	5
721	4
722	5
723	6
724	4
725	6
726	6
727	1
728	3
729	5
730	8
731	2
732	7
733	3
734	10
735	2
736	3
737	7
738	6
739	11
740	6
741	5
742	6
743	5
744	2
745	2
746	4
747	7
748	8
749	6
750	4
751	6
752	7
753	3
754	2
755	6
756	4
757	9
758	3
759	4
760	5
761	8
762	4
763	3
764	3
765	3
766	7
767	5
768	4
769	9
770	5
771	6
772	3
773	4
774	1
775	6
776	8
777	3
778	5
779	3
780	6
781	4
782	2
783	6
784	6
785	4
786	4
787	4
788	7
789	5
790	1
791	6
792	7
793	4
794	2
795	4
796	5
797	7
798	10
799	4
801	4
802	2
803	2
804	4
805	6
806	2
807	1
808	5
809	4
810	2
811	1
812	6
813	3
814	3
815	6
816	1
817	6
818	3
819	2
820	4
821	5
822	4
823	3
824	2
825	5
826	3
827	6
828	2
829	7
830	4
831	2
833	4
834	4
835	6
836	4
837	5
838	2
840	3
841	1
842	2
843	1
844	2
845	5
846	6
847	2
848	1
849	3
850	4
851	2
852	2
853	1
854	5
855	3
856	7
857	2
858	6
859	6
860	2
861	3
862	4
863	3
864	1
865	2
867	3
868	3
869	5
870	3
871	7
872	4
873	6
874	4
875	5
876	5
877	2
878	3
879	3
880	3
881	1
882	2
883	6
884	3
885	6
886	3
887	4
888	4
889	2
890	5
891	2
892	4
893	3
894	5
895	4
896	3
897	2
898	1
899	3
900	3
901	4
902	5
903	3
904	1
905	1
906	3
907	2
908	3
909	1
910	2
911	1
913	2
914	1
915	2
916	2
917	3
918	2
919	4
920	1
921	2
922	6
923	3
924	5
925	2
926	4
927	1
928	2
929	7
930	1
931	4
932	2
933	1
934	3
935	2
936	1
938	1
939	2
940	1
941	2
942	3
943	3
944	2
945	3
946	1
947	2
948	2
950	2
951	2
952	2
953	2
954	4
956	4
957	2
958	4
959	1
960	3
961	3
963	1
964	6
966	3
967	1
968	2
969	3
970	2
971	1
972	4
973	1
974	1
975	1
976	3
977	5
978	2
979	2
980	1
981	2
982	5
983	2
984	1
986	1
987	3
988	3
989	1
990	3
991	1
992	2
993	4
994	1
996	1
997	3
999	1
1000	1
1001	4
1002	3
1003	1
1004	1
1005	2
1006	5
1008	3
1009	4
1010	3
1012	1
1013	1
1014	1
1015	1
1017	4
1018	4
1019	2
1020	4
1021	2
1023	2
1024	2
1025	3
1026	1
1027	2
1028	1
1029	2
1030	2
1032	2
1033	1
1034	2
1035	3
1036	5
1037	1
1038	3
1040	3
1042	1
1043	2
1044	2
1045	5
1046	1
1048	1
1049	6
1051	1
1052	4
1053	3
1054	1
1055	2
1056	2
1057	1
1058	1
1059	1
1060	2
1061	4
1062	1
1064	1
1065	4
1066	1
1067	2
1068	1
1069	1
1071	4
1072	2
1074	3
1075	1
1076	2
1077	2
1078	1
1079	1
1080	1
1081	1
1082	1
1083	1
1084	2
1085	1
1087	1
1088	1
1090	1
1091	2
1092	1
1093	2
1094	1
1095	1
1096	2
1097	1
1099	3
1100	2
1101	2
1103	2
1104	1
1105	1
1106	1
1107	1
1109	3
1110	3
1111	2
1114	1
1115	1
1117	1
1118	1
1119	2
1120	1
1121	3
1122	2
1124	3
1125	3
1126	2
1128	2
1130	1
1132	1
1133	1
1135	3
1136	1
1137	3
1140	2
1141	2
1144	2
1145	2
1146	1
1147	1
1148	1
1149	2
1150	1
1151	1
1152	1
1153	1
1154	1
1156	3
1157	1
1163	2
1164	1
1168	2
1169	1
1170	1
1171	1
1172	1
1173	2
1175	3
1178	1
1181	1
1182	1
1183	1
1184	2
1185	2
1186	2
1187	1
1188	2
1190	1
1191	2
1192	2
1193	1
1194	1
1195	1
1196	1
1197	1
1199	1
1200	2
1203	1
1205	2
1206	4
1208	1
1211	1
1212	2
1214	2
1215	2
1216	2
1217	1
1218	3
1220	1
1221	1
1223	5
1225	1
1227	1
1231	1
1232	1
1234	2
1236	1
1237	3
1239	1
1240	2
1241	3
1242	1
1244	1
1247	1
1249	1
1251	1
1252	1
1253	2
1255	1
1257	1
1259	1
1261	2
1268	1
1272	1
1273	1
1275	1
1276	3
1277	1
1279	1
1282	2
1283	2
1285	1
1287	2
1289	1
1290	1
1292	3
1293	1
1294	1
1295	1
1296	1
1298	2
1299	1
1300	1
1304	1
1305	1
1306	1
1311	1
1313	1
1315	2
1317	1
1319	2
1321	1
1322	2
1324	1
1326	1
1327	1
1331	1
1333	1
1335	1
1336	2
1339	1
1341	1
1346	1
1347	1
1348	1
1349	1
1351	1
1352	1
1355	1
1358	1
1360	1
1361	1
1362	2
1364	1
1367	1
1368	1
1369	1
1373	1
1374	1
1377	1
1379	1
1381	1
1382	2
1385	1
1394	1
1396	1
1397	1
1398	2
1405	1
1408	1
1414	3
1419	1
1420	3
1425	1
1433	1
1436	1
1437	1
1441	1
1442	1
1443	1
1446	2
1451	2
1455	1
1459	1
1464	1
1467	1
1468	1
1470	1
1473	1
1477	1
1480	3
1484	2
1486	1
1492	2
1493	1
1494	1
1496	1
1499	2
1503	1
1506	1
1507	1
1519	1
1523	1
1526	2
1528	1
1531	1
1533	1
1536	1
1537	1
1545	1
1546	1
1552	1
1556	1
1567	1
1584	1
1586	1
1594	1
1595	1
1596	1
1606	1
1607	1
1626	1
1632	1
1634	1
1641	1
1650	1
1654	1
1670	1
1671	1
1675	1
1679	1
1681	1
1685	2
1697	1
1705	1
1706	1
1712	2
1728	1
1735	1
1750	1
1762	1
1771	1
1788	1
1797	1
1805	1
1810	1
1812	1
1813	1
1826	1
1840	1
1842	1
1845	1
1856	1
1862	1
1872	1
1874	1
1880	1
1887	1
1895	1
1897	1
1898	1
1900	1
1913	1
1930	1
1945	1
1955	1
1998	1
2001	1
2012	1
2014	1
2025	1
2041	1
2044	1
2060	1
2063	1
2074	1
2086	1
2112	1
2124	1
2127	1
2135	1
2136	1
2152	1
2384	1
2405	1
2469	1
2472	1
2590	1
2792	1
2991	1
3168	1
4017	1
