1	5325
2	2364
3	3469
4	2525
5	3003
6	1562
7	1623
8	1328
9	1411
10	1396
11	1394
12	1238
13	1328
14	1288
15	1123
16	1056
17	1014
18	845
19	805
20	651
21	768
22	740
23	690
24	649
25	630
26	633
27	616
28	584
29	593
30	564
31	590
32	536
33	571
34	600
35	604
36	515
37	570
38	484
39	501
40	471
41	454
42	438
43	452
44	346
45	410
46	361
47	392
48	357
49	363
50	336
51	355
52	356
53	367
54	368
55	352
56	326
57	358
58	321
59	310
60	274
61	291
62	294
63	273
64	264
65	248
66	236
67	233
68	248
69	213
70	244
71	212
72	239
73	234
74	227
75	216
76	188
77	219
78	234
79	195
80	229
81	174
82	182
83	194
84	176
85	200
86	183
87	172
88	159
89	179
90	180
91	174
92	143
93	158
94	156
95	162
96	145
97	152
98	168
99	130
100	147
101	133
102	124
103	129
104	148
105	148
106	143
107	132
108	150
109	137
110	153
111	139
112	113
113	123
114	130
115	132
116	131
117	142
118	135
119	135
120	118
121	108
122	137
123	116
124	110
125	112
126	120
127	115
128	104
129	114
130	97
131	88
132	89
133	95
134	99
135	102
136	99
137	82
138	104
139	105
140	104
141	96
142	86
143	93
144	66
145	85
146	77
147	71
148	101
149	85
150	71
151	85
152	87
153	76
154	85
155	80
156	75
157	62
158	87
159	79
160	69
161	80
162	74
163	60
164	80
165	86
166	73
167	67
168	66
169	68
170	65
171	62
172	73
173	69
174	74
175	55
176	65
177	61
178	70
179	61
180	66
181	76
182	69
183	59
184	63
185	56
186	59
187	55
188	55
189	53
190	65
191	51
192	63
193	54
194	56
195	61
196	39
197	61
198	49
199	56
200	43
201	52
202	53
203	50
204	57
205	49
206	55
207	52
208	58
209	43
210	49
211	46
212	36
213	56
214	42
215	41
216	43
217	50
218	40
219	46
220	53
221	54
222	38
223	57
224	36
225	52
226	49
227	63
228	37
229	42
230	43
231	43
232	32
233	51
234	48
235	42
236	39
237	36
238	53
239	29
240	42
241	35
242	27
243	33
244	53
245	28
246	45
247	49
248	42
249	42
250	34
251	32
252	35
253	31
254	35
255	39
256	32
257	30
258	34
259	50
260	39
261	35
262	35
263	29
264	43
265	29
266	34
267	32
268	32
269	40
270	41
271	37
272	34
273	39
274	30
275	33
276	31
277	36
278	28
279	24
280	30
281	34
282	36
283	29
284	37
285	34
286	29
287	28
288	27
289	22
290	30
291	32
292	34
293	35
294	32
295	23
296	35
297	23
298	34
299	27
300	24
301	32
302	29
303	31
304	36
305	30
306	31
307	32
308	21
309	27
310	29
311	26
312	28
313	25
314	23
315	23
316	21
317	33
318	36
319	24
320	21
321	22
322	13
323	27
324	28
325	25
326	32
327	22
328	28
329	30
330	27
331	26
332	23
333	30
334	25
335	22
336	18
337	29
338	23
339	27
340	28
341	20
342	21
343	24
344	29
345	20
346	18
347	27
348	21
349	22
350	32
351	22
352	15
353	24
354	13
355	20
356	17
357	20
358	28
359	21
360	22
361	18
362	22
363	24
364	20
365	17
366	14
367	21
368	16
369	13
370	26
371	13
372	26
373	22
374	31
375	18
376	11
377	24
378	24
379	22
380	19
381	23
382	26
383	12
384	13
385	22
386	21
387	17
388	15
389	13
390	19
391	21
392	17
393	14
394	16
395	11
396	21
397	20
398	17
399	18
400	15
401	18
402	18
403	11
404	16
405	14
406	18
407	22
408	17
409	20
410	17
411	11
412	15
413	15
414	12
415	14
416	18
417	19
418	20
419	21
420	13
421	21
422	13
423	19
424	13
425	20
426	21
427	27
428	13
429	17
430	12
431	17
432	12
433	11
434	21
435	12
436	18
437	16
438	24
439	16
440	14
441	17
442	14
443	17
444	18
445	17
446	12
447	14
448	13
449	14
450	11
451	9
452	17
453	12
454	13
455	15
456	18
457	21
458	12
459	15
460	18
461	13
462	11
463	12
464	19
465	15
466	10
467	14
468	12
469	19
470	16
471	14
472	16
473	17
474	14
475	15
476	15
477	14
478	16
479	13
480	16
481	9
482	15
483	11
484	18
485	11
486	10
487	18
488	15
489	17
490	10
491	12
492	6
493	14
494	18
495	13
496	10
497	15
498	19
499	10
500	7
501	18
502	15
503	4
504	12
505	10
506	10
507	22
508	9
509	14
510	11
511	11
512	10
513	14
514	9
515	10
516	13
517	9
518	20
519	12
520	13
521	13
522	14
523	14
524	12
525	9
526	10
527	15
528	12
529	12
530	13
531	8
532	14
533	14
534	12
535	13
536	12
537	12
538	10
539	12
540	12
541	9
542	15
543	12
544	12
545	7
546	13
547	8
548	10
549	8
550	13
551	11
552	8
553	8
554	8
555	6
556	7
557	6
558	6
559	11
560	11
561	8
562	6
563	11
564	13
565	9
566	13
567	9
568	14
569	12
570	9
571	9
572	10
573	7
574	8
575	13
576	4
577	12
578	7
579	3
580	7
581	9
582	12
583	10
584	9
585	9
586	15
587	10
588	11
589	10
590	10
591	15
592	10
593	11
594	5
595	7
596	6
597	7
598	7
599	8
600	9
601	9
602	9
603	11
604	11
605	6
606	5
607	7
608	15
609	10
610	14
611	6
612	8
613	4
614	8
615	11
616	10
617	9
618	10
619	6
620	7
621	5
622	12
623	8
624	14
625	14
626	8
627	8
628	3
629	5
630	5
631	9
632	6
633	9
634	12
635	10
636	6
637	7
638	3
639	8
640	8
641	10
642	6
643	6
644	10
645	7
646	12
647	7
648	8
649	8
650	7
651	6
652	7
653	10
654	4
655	7
656	6
657	9
658	6
659	6
660	7
661	4
662	11
663	6
664	8
665	6
666	9
667	6
668	8
669	5
670	6
671	7
672	7
673	7
674	5
675	10
676	4
677	7
678	5
679	7
680	8
681	3
682	10
683	9
684	11
685	9
686	2
687	5
688	5
689	6
690	6
691	4
692	4
693	8
694	8
695	6
696	13
697	6
698	7
699	1
700	8
701	10
702	4
703	8
704	4
705	9
706	9
707	11
708	4
709	6
710	10
711	5
712	6
713	4
714	7
715	5
716	8
717	5
718	2
719	4
720	4
721	2
722	5
723	5
724	6
725	9
726	5
727	1
728	6
729	7
730	5
731	7
732	5
733	5
734	2
735	6
736	8
737	4
738	3
739	9
740	5
741	10
742	13
743	5
744	9
745	7
746	2
747	4
748	7
749	6
750	9
751	2
752	4
753	2
754	6
755	4
756	4
757	3
758	4
759	4
760	2
761	5
762	4
763	6
764	6
765	8
766	9
767	7
768	3
769	5
770	10
771	4
772	3
773	5
774	3
775	1
776	5
777	6
778	5
779	2
780	3
781	5
782	6
783	3
784	3
785	4
786	3
787	3
788	3
789	4
790	6
791	3
792	1
793	4
794	5
795	3
796	5
797	1
798	7
799	5
800	5
801	3
802	2
803	7
804	4
805	5
806	4
807	3
808	3
809	8
810	3
811	3
812	2
813	4
814	5
815	5
816	10
817	4
818	4
819	8
820	4
821	4
822	5
823	4
824	1
825	3
826	8
827	3
828	4
829	3
830	1
831	7
832	2
833	2
834	2
835	4
836	4
837	8
838	8
839	3
840	5
841	3
842	4
843	7
845	3
846	6
847	5
848	5
849	2
850	4
851	6
852	5
853	4
854	5
855	4
856	3
857	7
858	6
859	2
860	3
861	6
862	6
863	4
864	3
865	1
866	8
867	6
868	4
869	4
871	3
872	3
873	5
874	2
875	3
876	3
877	1
878	3
879	2
880	4
881	5
882	4
883	4
884	2
885	3
886	3
887	4
888	5
889	2
890	1
891	3
892	2
893	7
894	1
895	3
896	7
897	3
898	7
899	4
900	1
901	5
902	3
903	1
904	5
905	5
906	5
907	3
908	2
909	1
910	5
911	4
912	4
913	3
914	6
915	2
916	2
917	2
918	5
919	1
920	4
921	1
922	4
923	4
924	2
925	2
926	4
927	6
928	2
929	5
930	4
931	6
932	3
933	6
934	3
935	2
936	5
937	3
938	6
939	6
940	1
941	5
942	5
943	3
944	3
945	6
946	5
947	4
948	2
949	2
950	3
951	3
952	2
953	5
954	3
955	4
956	6
957	5
958	5
959	3
960	4
961	3
963	2
964	4
965	3
966	8
967	1
968	3
969	2
970	5
971	4
972	4
973	3
974	2
975	3
976	3
978	2
979	2
980	1
981	4
982	5
983	4
984	3
985	2
986	2
987	2
988	4
989	2
990	1
991	2
993	6
994	2
995	5
996	4
997	1
998	1
999	5
1000	3
1001	4
1002	1
1003	2
1004	1
1005	2
1006	4
1007	3
1008	2
1009	3
1011	4
1012	2
1013	5
1014	3
1015	1
1016	1
1017	3
1018	8
1019	2
1020	2
1021	2
1022	4
1023	3
1024	1
1025	4
1026	1
1027	1
1028	5
1029	1
1030	2
1032	6
1033	4
1034	3
1035	3
1036	1
1037	1
1038	9
1039	1
1040	3
1041	4
1042	6
1043	2
1044	1
1045	1
1046	5
1047	5
1048	2
1049	5
1051	3
1052	4
1053	2
1055	2
1056	2
1057	1
1058	1
1059	2
1060	2
1061	3
1062	2
1063	2
1064	1
1065	5
1066	1
1067	2
1068	2
1069	2
1070	2
1071	2
1072	2
1073	1
1074	2
1075	2
1076	1
1077	5
1078	5
1079	4
1080	3
1081	3
1083	6
1084	2
1085	2
1086	1
1087	4
1088	2
1089	3
1090	1
1091	4
1092	2
1093	4
1095	1
1096	2
1097	2
1098	1
1099	4
1100	2
1101	3
1102	3
1103	5
1105	1
1107	3
1108	1
1109	1
1110	2
1111	2
1112	2
1113	3
1114	2
1115	5
1117	1
1118	3
1119	5
1120	1
1121	1
1122	5
1123	2
1125	1
1127	1
1128	2
1129	1
1130	4
1131	3
1132	2
1133	3
1134	2
1135	6
1136	2
1137	4
1138	4
1139	2
1140	1
1141	1
1142	4
1144	4
1145	1
1146	3
1147	2
1149	1
1150	2
1151	2
1152	3
1153	2
1154	4
1155	1
1156	2
1157	2
1158	4
1159	2
1160	1
1161	4
1162	3
1163	1
1164	4
1165	5
1169	4
1170	3
1171	1
1172	1
1173	2
1175	5
1176	2
1177	2
1178	2
1179	1
1181	4
1182	3
1184	1
1185	3
1186	2
1189	5
1190	1
1191	1
1192	1
1193	1
1194	1
1195	2
1196	3
1197	1
1198	3
1199	2
1201	2
1202	4
1203	2
1204	1
1205	3
1206	1
1207	2
1208	2
1210	2
1211	1
1213	1
1215	2
1216	1
1217	3
1219	1
1221	1
1223	1
1224	1
1225	2
1227	1
1228	2
1229	2
1230	3
1231	4
1232	1
1234	7
1236	3
1238	1
1239	5
1243	2
1244	1
1246	1
1247	3
1248	2
1249	2
1250	3
1252	2
1253	2
1254	1
1255	1
1256	1
1257	2
1258	2
1259	3
1260	1
1261	1
1262	1
1263	1
1264	1
1265	2
1267	3
1268	1
1270	2
1271	1
1272	4
1273	3
1274	1
1276	1
1277	1
1278	3
1279	1
1282	3
1283	3
1284	2
1285	2
1286	2
1288	1
1289	1
1290	1
1291	1
1292	1
1293	1
1295	1
1297	3
1298	3
1299	4
1300	3
1302	1
1303	3
1304	1
1305	2
1307	2
1311	3
1313	1
1315	3
1316	2
1317	2
1319	3
1321	1
1322	1
1326	1
1327	1
1329	2
1330	1
1331	1
1333	1
1334	1
1335	2
1336	1
1337	2
1340	2
1341	2
1342	2
1343	1
1346	1
1351	1
1352	2
1353	1
1355	1
1356	1
1357	1
1359	2
1361	2
1363	1
1364	1
1365	1
1366	2
1368	1
1369	1
1370	1
1371	1
1372	1
1375	1
1379	1
1381	1
1384	1
1385	2
1386	2
1387	2
1388	1
1389	2
1391	3
1392	2
1393	3
1394	2
1395	2
1396	1
1397	1
1399	1
1400	1
1402	3
1403	2
1405	1
1406	1
1407	1
1408	2
1409	1
1410	2
1411	1
1412	3
1413	2
1415	1
1416	1
1418	2
1420	2
1422	2
1423	1
1424	1
1425	3
1426	2
1428	3
1432	1
1433	3
1434	1
1435	1
1436	1
1437	1
1438	1
1441	1
1442	3
1445	3
1446	1
1448	1
1450	1
1451	1
1452	2
1453	1
1454	2
1455	1
1457	2
1459	1
1461	2
1462	1
1469	4
1471	1
1472	2
1474	1
1476	3
1477	1
1478	2
1479	2
1480	1
1481	1
1482	1
1483	1
1484	1
1485	1
1486	2
1487	2
1488	1
1490	1
1494	2
1495	2
1496	2
1499	1
1500	1
1503	2
1504	3
1505	1
1506	1
1507	1
1509	2
1511	1
1513	1
1516	2
1520	1
1522	1
1523	1
1525	2
1526	1
1527	1
1529	1
1532	1
1533	1
1534	3
1535	1
1537	1
1538	1
1540	1
1544	1
1550	2
1553	1
1554	1
1555	1
1556	2
1559	1
1565	2
1566	1
1568	2
1570	3
1572	1
1574	2
1575	1
1577	2
1578	1
1580	1
1583	1
1585	2
1587	2
1588	1
1589	1
1590	1
1592	2
1593	2
1594	1
1596	1
1597	1
1598	1
1600	1
1601	2
1603	1
1604	1
1605	1
1608	1
1609	2
1610	2
1611	1
1613	2
1619	1
1621	1
1622	1
1625	1
1627	1
1630	1
1632	1
1633	2
1634	2
1635	1
1637	2
1640	1
1642	4
1645	2
1646	1
1647	1
1649	1
1650	1
1651	1
1654	2
1657	1
1658	2
1662	1
1664	3
1666	1
1667	2
1669	1
1671	1
1672	2
1673	2
1675	1
1678	1
1679	1
1680	1
1682	2
1684	1
1687	2
1689	2
1691	2
1693	2
1694	2
1695	1
1696	1
1701	1
1702	1
1704	1
1705	1
1707	1
1708	2
1709	1
1713	3
1715	1
1722	1
1728	2
1731	1
1733	1
1734	1
1738	1
1739	2
1743	1
1745	2
1746	1
1748	1
1749	2
1751	1
1757	2
1759	2
1760	1
1763	1
1764	1
1767	1
1769	2
1771	1
1772	1
1773	1
1774	1
1775	2
1781	2
1785	1
1792	1
1795	1
1798	1
1800	1
1802	1
1805	2
1807	1
1809	2
1811	1
1813	1
1814	1
1818	1
1820	1
1829	1
1830	1
1833	1
1838	3
1839	1
1842	2
1843	2
1848	2
1849	2
1853	1
1857	1
1858	1
1859	1
1860	1
1866	3
1869	1
1874	1
1875	1
1876	1
1880	1
1891	1
1893	1
1894	1
1896	1
1897	1
1904	1
1910	1
1916	1
1918	1
1919	1
1921	1
1922	1
1928	1
1930	1
1933	3
1935	3
1936	1
1938	2
1939	1
1940	1
1946	1
1954	1
1956	1
1959	1
1962	1
1963	2
1964	1
1966	1
1968	2
1970	1
1972	1
1982	1
1983	1
1985	1
1991	1
1993	1
2004	1
2008	1
2013	1
2015	1
2017	1
2021	1
2024	1
2026	2
2030	1
2032	1
2036	1
2041	1
2043	1
2045	1
2046	1
2047	2
2051	1
2052	1
2059	1
2063	1
2066	1
2078	1
2081	1
2086	1
2091	2
2097	1
2100	1
2107	1
2112	1
2113	1
2116	1
2133	1
2137	1
2138	2
2139	1
2140	1
2142	1
2144	1
2147	1
2150	1
2152	1
2153	1
2155	1
2156	1
2160	1
2161	1
2162	2
2172	1
2174	1
2175	1
2176	1
2179	1
2187	1
2190	1
2196	1
2205	1
2207	1
2208	1
2212	1
2214	1
2222	1
2227	1
2232	1
2235	1
2243	1
2245	1
2253	1
2261	1
2262	1
2267	1
2269	1
2277	1
2279	1
2288	1
2289	1
2302	1
2314	1
2315	1
2318	1
2319	1
2323	1
2331	1
2336	1
2342	1
2345	1
2356	1
2361	1
2363	1
2373	1
2374	1
2376	1
2397	1
2422	1
2430	1
2435	1
2449	1
2454	1
2456	1
2462	1
2464	1
2467	1
2471	1
2477	1
2478	1
2481	1
2484	1
2485	1
2487	1
2497	1
2505	2
2508	1
2514	1
2515	1
2518	1
2521	1
2524	1
2540	1
2546	1
2554	1
2564	1
2566	1
2574	1
2583	1
2593	1
2604	1
2607	1
2610	1
2614	1
2617	1
2638	1
2640	1
2641	1
2645	1
2648	1
2651	1
2657	1
2672	1
2683	1
2688	1
2690	1
2716	1
2717	1
2718	1
2729	1
2730	1
2737	1
2769	1
2773	1
2778	1
2793	1
2799	1
2801	1
2803	1
2813	1
2817	1
2839	1
2840	2
2855	1
2864	1
2877	1
2907	1
2909	1
2922	1
2930	1
2935	1
2937	1
2940	1
2954	1
2957	1
2958	1
2959	1
2982	1
3032	1
3034	1
3063	1
3073	1
3131	1
3156	1
3164	1
3223	1
3252	1
3271	1
3278	1
3299	1
3308	1
3309	1
3316	1
3355	2
3360	1
3408	1
3428	1
3430	1
3476	1
3503	2
3510	1
3511	1
3557	1
3567	1
3585	1
3593	1
3605	1
3609	1
3614	2
3628	1
3644	1
3748	1
3760	1
3805	1
3807	1
3827	1
3905	1
4138	1
4154	1
4310	1
4361	1
4411	1
4604	1
4656	1
4963	1
5285	1
