1	5067
2	2711
3	3070
4	2179
5	2199
6	1814
7	1646
8	1350
9	1293
10	1156
11	1185
12	1027
13	1064
14	969
15	917
16	911
17	883
18	781
19	838
20	733
21	756
22	711
23	686
24	588
25	613
26	601
27	554
28	548
29	529
30	557
31	507
32	490
33	492
34	480
35	481
36	478
37	455
38	458
39	461
40	396
41	424
42	440
43	410
44	388
45	399
46	354
47	363
48	380
49	339
50	376
51	365
52	372
53	327
54	314
55	319
56	290
57	322
58	300
59	270
60	288
61	291
62	273
63	268
64	236
65	251
66	254
67	232
68	258
69	239
70	233
71	216
72	210
73	224
74	204
75	196
76	197
77	181
78	201
79	212
80	188
81	214
82	164
83	179
84	165
85	181
86	186
87	166
88	171
89	145
90	181
91	154
92	161
93	146
94	166
95	147
96	141
97	165
98	139
99	171
100	156
101	142
102	136
103	144
104	155
105	168
106	146
107	147
108	122
109	133
110	138
111	144
112	150
113	146
114	129
115	98
116	113
117	114
118	113
119	100
120	127
121	122
122	125
123	117
124	107
125	141
126	112
127	99
128	119
129	107
130	110
131	120
132	118
133	107
134	97
135	104
136	92
137	98
138	109
139	83
140	84
141	104
142	91
143	100
144	108
145	107
146	86
147	103
148	89
149	96
150	103
151	93
152	96
153	91
154	97
155	77
156	73
157	75
158	84
159	94
160	93
161	73
162	84
163	84
164	95
165	83
166	79
167	65
168	80
169	75
170	82
171	51
172	68
173	57
174	67
175	57
176	66
177	75
178	75
179	73
180	61
181	65
182	62
183	67
184	57
185	56
186	56
187	64
188	70
189	72
190	61
191	72
192	69
193	57
194	54
195	63
196	62
197	62
198	51
199	41
200	53
201	56
202	54
203	52
204	53
205	51
206	31
207	32
208	48
209	45
210	42
211	51
212	39
213	42
214	42
215	44
216	41
217	49
218	48
219	46
220	44
221	46
222	49
223	60
224	46
225	43
226	45
227	52
228	51
229	31
230	37
231	40
232	40
233	37
234	37
235	36
236	37
237	35
238	39
239	34
240	32
241	26
242	37
243	32
244	32
245	29
246	33
247	31
248	34
249	35
250	41
251	28
252	34
253	32
254	29
255	31
256	22
257	22
258	31
259	36
260	23
261	15
262	24
263	29
264	23
265	28
266	30
267	28
268	25
269	32
270	19
271	24
272	29
273	30
274	25
275	24
276	33
277	24
278	28
279	16
280	15
281	20
282	24
283	20
284	19
285	14
286	20
287	23
288	32
289	26
290	12
291	15
292	18
293	28
294	14
295	28
296	15
297	17
298	20
299	20
300	19
301	20
302	25
303	22
304	16
305	15
306	21
307	22
308	15
309	15
310	19
311	17
312	16
313	14
314	22
315	19
316	14
317	10
318	19
319	21
320	12
321	12
322	18
323	22
324	20
325	18
326	15
327	13
328	17
329	13
330	6
331	9
332	9
333	19
334	16
335	13
336	12
337	10
338	16
339	20
340	13
341	18
342	13
343	10
344	14
345	7
346	24
347	15
348	14
349	13
350	10
351	13
352	11
353	15
354	18
355	8
356	11
357	14
358	13
359	12
360	16
361	15
362	10
363	11
364	13
365	9
366	13
367	14
368	14
369	12
370	7
371	12
372	17
373	13
374	8
375	14
376	15
377	13
378	12
379	11
380	10
381	7
382	9
383	18
384	10
385	9
386	5
387	7
388	13
389	8
390	8
391	4
392	7
393	8
394	10
395	14
396	9
397	10
398	5
399	9
400	12
401	6
402	6
403	7
404	7
405	8
406	10
407	3
408	5
409	10
410	7
411	6
412	7
413	6
414	3
415	4
416	3
417	7
418	10
419	6
420	11
421	6
422	5
423	4
424	12
425	7
426	11
427	6
428	9
429	1
430	5
431	4
432	8
433	4
434	7
435	8
436	6
437	3
438	6
439	7
440	6
441	1
442	4
443	6
444	4
445	4
446	10
447	3
448	4
449	10
450	8
452	8
453	3
454	5
455	10
456	6
457	8
459	7
460	6
461	4
462	8
463	6
464	7
465	5
466	6
467	4
468	4
469	3
470	5
471	7
472	5
473	2
474	3
475	6
476	6
477	2
478	5
479	11
480	6
481	8
482	6
484	7
485	4
486	4
487	4
488	6
489	1
490	7
491	2
492	3
493	4
494	8
495	4
496	4
497	5
498	4
499	4
500	5
502	4
503	3
504	2
505	3
506	3
507	2
508	2
509	4
510	8
511	3
512	4
513	2
514	7
515	2
516	4
517	3
518	1
519	3
520	5
521	2
522	1
523	4
524	4
525	3
526	3
527	4
528	11
529	2
530	4
531	6
532	3
533	5
534	3
535	2
536	1
538	7
539	1
540	2
541	3
542	1
543	2
544	3
545	2
546	2
547	2
548	5
549	5
551	4
552	7
553	2
554	5
555	2
556	2
557	2
558	1
559	2
562	2
563	4
564	5
565	1
566	4
567	2
568	6
569	5
570	6
571	2
572	2
573	2
574	1
575	2
576	2
577	2
578	1
579	3
580	2
581	1
582	2
584	1
586	2
587	3
588	4
589	3
590	1
591	2
593	3
594	1
596	4
597	3
598	2
599	1
600	1
601	1
602	4
603	4
604	5
606	6
607	4
608	1
609	2
611	1
612	2
615	1
616	2
617	3
618	3
620	2
621	2
622	2
623	2
624	1
625	1
626	3
627	1
628	1
629	2
632	2
633	3
634	3
635	4
636	3
637	1
638	4
639	1
640	4
641	2
642	2
643	1
644	2
647	2
648	1
649	1
650	3
651	2
652	2
653	3
655	2
656	2
660	1
661	2
662	1
663	1
664	4
666	3
667	1
668	2
669	3
671	5
672	3
673	1
674	2
676	1
677	1
678	1
679	1
680	1
681	1
682	1
683	2
684	1
685	1
686	2
688	2
689	2
690	1
694	2
696	1
697	2
698	3
699	1
700	1
702	1
704	2
705	1
706	3
707	2
708	3
709	1
710	1
711	3
713	2
715	3
716	1
717	1
719	4
721	2
722	2
724	2
725	1
726	2
727	1
728	2
729	1
732	1
734	1
735	3
737	2
738	1
739	1
741	2
742	1
743	1
744	1
747	1
752	1
754	2
759	1
761	1
762	1
765	1
771	1
772	1
773	1
776	1
778	1
780	2
781	3
782	1
784	1
787	3
788	1
789	3
790	1
791	1
792	1
793	1
795	1
796	1
797	1
798	2
799	1
800	1
801	1
804	1
808	1
810	1
814	2
815	1
818	1
820	1
822	1
823	1
824	1
827	1
829	2
833	1
835	1
838	2
840	1
841	1
850	1
851	1
854	1
855	1
858	1
863	1
864	1
872	1
874	1
876	1
889	1
896	1
899	1
908	1
912	1
915	1
919	1
921	2
922	2
927	1
928	1
929	1
937	1
940	1
942	1
943	1
946	1
948	1
950	1
958	1
965	2
972	1
974	1
981	1
983	1
1003	1
1009	1
1015	1
1019	1
1034	1
1050	1
1056	1
1069	1
1072	1
1073	1
1074	1
1081	1
1095	2
1121	1
1158	1
1160	1
1168	1
1172	1
1175	2
1176	1
1179	1
1181	1
1183	1
1188	1
1250	1
1256	1
1269	1
1273	1
1298	1
1340	1
1406	1
1485	1
1491	1
1504	1
1559	1
1584	1
1619	1
1726	1
1802	1
1823	1
1856	1
1926	1
2074	1
