1	5511
2	2566
3	3074
4	1977
5	2106
6	1642
7	1662
8	1318
9	1488
10	1238
11	1280
12	1087
13	1077
14	987
15	1008
16	808
17	886
18	790
19	762
20	715
21	742
22	703
23	686
24	588
25	680
26	656
27	614
28	641
29	610
30	560
31	574
32	522
33	492
34	436
35	465
36	487
37	453
38	461
39	441
40	445
41	411
42	422
43	369
44	387
45	349
46	357
47	379
48	328
49	329
50	332
51	295
52	287
53	268
54	268
55	286
56	281
57	253
58	246
59	265
60	274
61	238
62	250
63	241
64	272
65	221
66	220
67	261
68	207
69	225
70	210
71	209
72	207
73	252
74	205
75	216
76	209
77	238
78	204
79	218
80	220
81	176
82	186
83	175
84	193
85	189
86	167
87	202
88	163
89	175
90	172
91	174
92	204
93	201
94	190
95	176
96	206
97	198
98	180
99	192
100	213
101	198
102	192
103	167
104	177
105	170
106	206
107	163
108	163
109	175
110	183
111	164
112	174
113	172
114	164
115	182
116	168
117	160
118	149
119	147
120	178
121	157
122	141
123	145
124	163
125	142
126	147
127	146
128	158
129	170
130	143
131	143
132	118
133	163
134	130
135	133
136	141
137	143
138	124
139	104
140	122
141	114
142	124
143	119
144	102
145	99
146	97
147	90
148	101
149	111
150	79
151	105
152	92
153	95
154	92
155	99
156	104
157	87
158	95
159	90
160	97
161	95
162	85
163	91
164	79
165	89
166	74
167	78
168	83
169	69
170	59
171	83
172	97
173	81
174	66
175	61
176	78
177	70
178	73
179	66
180	64
181	65
182	70
183	78
184	71
185	70
186	73
187	65
188	70
189	77
190	60
191	55
192	75
193	42
194	72
195	40
196	59
197	67
198	52
199	67
200	66
201	64
202	52
203	60
204	55
205	55
206	52
207	65
208	54
209	60
210	50
211	44
212	47
213	48
214	53
215	53
216	60
217	53
218	40
219	58
220	53
221	54
222	39
223	43
224	48
225	52
226	38
227	46
228	40
229	41
230	50
231	56
232	44
233	50
234	43
235	49
236	31
237	41
238	41
239	40
240	43
241	44
242	32
243	38
244	43
245	46
246	50
247	48
248	37
249	29
250	46
251	44
252	38
253	34
254	46
255	39
256	37
257	40
258	40
259	30
260	39
261	45
262	28
263	32
264	40
265	22
266	43
267	34
268	38
269	37
270	22
271	31
272	38
273	27
274	36
275	35
276	26
277	35
278	30
279	29
280	32
281	27
282	30
283	32
284	28
285	29
286	26
287	29
288	27
289	30
290	24
291	22
292	20
293	25
294	29
295	22
296	22
297	30
298	32
299	22
300	24
301	22
302	25
303	30
304	22
305	29
306	27
307	22
308	27
309	18
310	26
311	24
312	15
313	37
314	31
315	24
316	21
317	23
318	26
319	19
320	18
321	25
322	29
323	22
324	24
325	27
326	18
327	19
328	18
329	23
330	22
331	23
332	25
333	20
334	19
335	17
336	21
337	23
338	24
339	15
340	16
341	26
342	25
343	24
344	21
345	24
346	14
347	20
348	26
349	21
350	17
351	13
352	24
353	18
354	16
355	26
356	13
357	22
358	19
359	14
360	26
361	15
362	16
363	22
364	22
365	14
366	16
367	20
368	19
369	12
370	23
371	15
372	13
373	18
374	13
375	16
376	21
377	16
378	17
379	17
380	19
381	15
382	12
383	17
384	23
385	19
386	19
387	13
388	17
389	14
390	20
391	11
392	11
393	15
394	14
395	18
396	17
397	12
398	12
399	10
400	21
401	14
402	11
403	16
404	10
405	19
406	14
407	11
408	15
409	10
410	13
411	16
412	10
413	15
414	16
415	7
416	10
417	16
418	15
419	12
420	12
421	14
422	12
423	9
424	6
425	14
426	10
427	7
428	8
429	21
430	11
431	13
432	14
433	13
434	5
435	8
436	19
437	6
438	7
439	17
440	10
441	11
442	15
443	13
444	16
445	18
446	11
447	16
448	19
449	18
450	10
451	10
452	13
453	5
454	6
455	10
456	14
457	10
458	16
459	13
460	12
461	17
462	14
463	15
464	9
465	10
466	9
467	9
468	13
469	17
470	9
471	8
472	7
473	9
474	7
475	8
476	14
477	13
478	7
479	6
480	11
481	6
482	7
483	10
484	15
485	10
486	12
487	8
488	17
489	8
490	6
491	13
492	6
493	12
494	13
495	10
496	8
497	9
498	9
499	15
500	5
501	8
502	9
503	3
504	8
505	11
506	6
507	10
508	10
509	10
510	8
511	6
512	9
513	9
514	6
515	7
516	8
517	11
518	4
519	13
520	20
521	7
522	10
523	8
524	6
525	8
526	11
527	11
528	9
529	11
530	9
531	7
532	3
533	4
534	14
535	9
536	8
537	8
538	8
539	10
540	8
541	4
542	4
543	11
544	7
545	5
546	10
547	8
548	11
549	7
550	8
551	6
552	6
553	15
554	4
555	7
556	5
557	9
558	10
559	7
560	8
561	8
562	2
563	6
564	6
565	4
566	6
567	5
568	13
569	9
570	7
571	7
572	7
573	7
574	8
575	4
576	6
577	11
578	4
579	10
580	3
581	5
582	6
583	4
584	8
585	6
586	8
587	5
588	2
589	7
590	9
591	9
592	5
593	5
594	5
595	13
596	10
597	5
598	6
599	6
600	4
601	3
602	6
603	8
604	7
605	7
606	10
607	6
608	9
609	7
610	6
611	4
612	5
613	3
614	5
615	5
616	10
617	6
618	7
619	4
620	8
621	5
622	5
623	7
624	2
625	4
626	10
627	4
628	9
629	9
630	3
631	8
632	10
633	5
634	4
635	2
636	4
637	5
638	3
639	5
640	8
641	5
642	6
643	6
644	6
645	2
646	6
647	9
648	5
649	5
650	3
651	4
652	6
653	1
654	8
655	4
656	3
657	6
658	7
659	1
660	4
661	6
662	6
663	8
664	6
665	8
666	5
667	4
668	4
669	5
670	1
671	6
672	4
673	6
674	11
675	5
676	4
677	5
679	3
680	3
681	8
682	6
683	6
684	2
685	3
686	4
687	8
688	2
689	4
690	4
691	8
692	6
693	8
694	6
695	8
696	4
697	5
698	6
699	3
700	8
701	6
702	5
703	6
704	3
705	5
706	6
707	8
708	2
709	5
710	5
711	5
712	6
713	4
714	2
715	5
716	3
717	6
718	4
719	4
720	6
721	6
722	5
723	4
724	4
725	5
726	6
727	5
728	3
729	4
730	4
731	5
732	4
733	5
734	2
735	12
736	7
737	5
738	5
739	3
741	4
742	3
743	2
744	5
745	5
746	6
747	3
748	4
749	3
751	6
752	3
753	3
754	2
755	2
756	2
757	3
758	7
759	6
760	3
761	5
762	5
763	4
764	3
765	2
766	5
767	7
768	3
769	6
770	3
771	5
772	7
773	5
774	6
775	3
777	6
778	5
779	3
780	5
781	5
782	4
783	6
784	2
785	5
786	3
787	2
788	3
789	4
790	2
791	1
792	4
793	3
794	4
795	4
796	4
797	1
798	2
799	7
800	5
801	3
802	6
803	3
804	1
805	4
806	4
807	1
808	1
809	5
810	1
811	3
812	6
813	2
814	5
815	3
816	2
817	4
818	1
819	4
820	2
821	3
822	6
823	2
824	6
825	2
826	2
827	2
828	1
829	4
830	4
831	2
832	5
834	4
835	5
836	6
837	1
838	4
839	2
840	2
841	5
842	3
843	2
844	7
845	10
846	2
847	4
848	5
849	2
850	3
851	2
852	3
853	1
854	4
855	3
856	2
857	4
858	4
859	2
861	6
862	6
863	3
864	2
865	4
866	2
867	1
868	1
869	2
870	1
871	1
872	2
873	3
874	6
875	5
876	2
877	5
878	2
879	3
881	1
882	3
883	4
884	1
885	3
886	1
887	1
888	3
889	2
890	3
891	1
892	1
893	6
894	4
895	2
896	6
897	1
898	1
899	3
900	3
901	3
902	3
903	2
904	4
905	3
906	1
907	2
908	2
909	2
910	1
911	5
912	4
913	2
914	1
915	1
916	4
917	2
918	3
919	4
920	2
921	3
922	3
923	1
924	5
925	6
926	5
927	2
928	1
929	3
930	3
931	3
932	3
933	1
934	3
935	5
936	2
937	5
938	4
939	2
940	2
941	3
942	3
943	6
944	5
945	4
946	2
947	2
948	4
949	4
950	1
952	3
953	1
954	5
955	3
956	3
957	3
958	1
959	2
960	3
961	5
962	3
963	2
964	2
965	1
966	2
967	2
969	3
970	1
971	2
972	1
973	3
974	3
975	3
976	2
977	1
978	2
979	4
980	2
981	3
982	1
984	4
985	1
986	5
987	2
988	6
989	2
990	2
991	3
992	5
993	2
994	2
995	3
996	2
997	1
998	1
999	2
1000	2
1001	1
1002	1
1003	3
1004	2
1005	4
1006	3
1007	2
1008	2
1009	4
1010	1
1011	4
1012	3
1013	2
1014	5
1015	1
1016	2
1019	3
1020	2
1023	3
1024	1
1025	2
1026	1
1027	2
1028	3
1029	3
1030	2
1031	1
1032	1
1034	3
1035	1
1036	4
1037	5
1039	4
1040	3
1041	2
1042	2
1043	3
1044	2
1045	1
1046	1
1047	3
1048	2
1049	3
1050	3
1051	1
1052	3
1053	4
1054	2
1056	1
1057	1
1058	2
1059	2
1060	2
1061	4
1062	1
1063	1
1064	1
1065	1
1066	2
1067	2
1068	3
1071	3
1072	1
1073	1
1076	1
1077	1
1078	4
1080	2
1082	3
1084	3
1085	1
1086	2
1087	2
1088	2
1090	2
1091	2
1092	1
1093	2
1094	2
1095	1
1096	3
1097	2
1099	1
1100	1
1101	3
1102	3
1104	5
1105	3
1107	1
1108	3
1109	1
1110	1
1112	2
1114	1
1116	1
1118	1
1119	5
1121	3
1122	1
1123	3
1124	1
1125	2
1126	2
1127	1
1128	1
1129	3
1130	2
1131	2
1132	1
1133	1
1134	2
1135	5
1136	1
1137	1
1138	2
1140	1
1142	3
1143	2
1144	1
1145	1
1146	1
1147	1
1148	1
1149	2
1150	2
1152	2
1154	1
1155	1
1156	1
1157	1
1158	3
1161	3
1164	2
1165	3
1166	1
1167	3
1168	2
1170	2
1172	2
1173	1
1174	3
1175	4
1176	1
1178	1
1180	1
1181	1
1182	1
1183	2
1185	3
1186	1
1188	1
1191	1
1192	2
1193	1
1194	1
1196	1
1198	1
1199	1
1200	1
1202	2
1205	2
1206	1
1207	3
1208	2
1211	1
1213	2
1214	2
1215	3
1216	1
1217	2
1218	1
1219	1
1222	4
1223	1
1224	1
1225	1
1227	2
1229	2
1230	1
1231	2
1232	2
1233	2
1234	1
1235	2
1236	1
1237	2
1238	4
1239	1
1240	3
1241	4
1243	1
1244	1
1245	1
1246	2
1247	1
1249	1
1250	3
1251	2
1252	1
1253	2
1255	1
1257	1
1259	1
1260	1
1262	2
1263	1
1266	2
1267	1
1268	2
1270	1
1271	2
1272	1
1273	1
1276	1
1277	1
1278	1
1279	2
1281	2
1282	2
1283	1
1284	1
1285	1
1286	2
1287	2
1288	1
1291	1
1292	2
1293	2
1295	2
1297	1
1299	1
1301	1
1303	1
1306	2
1307	1
1309	1
1310	2
1312	2
1313	2
1314	1
1315	1
1316	1
1319	3
1320	2
1321	2
1322	1
1323	4
1324	1
1325	1
1326	1
1327	1
1329	3
1330	3
1334	1
1335	1
1336	2
1337	1
1338	2
1341	1
1342	1
1344	2
1346	1
1347	1
1348	1
1349	1
1350	1
1351	1
1352	2
1353	1
1354	2
1355	4
1357	2
1358	1
1359	1
1360	1
1361	3
1362	1
1363	3
1364	1
1366	1
1367	1
1369	1
1370	2
1372	1
1373	1
1374	1
1375	2
1376	1
1377	1
1378	1
1381	2
1382	2
1384	2
1385	1
1387	1
1388	1
1389	1
1390	1
1391	1
1392	1
1393	1
1395	2
1397	2
1402	2
1403	1
1407	1
1409	1
1411	2
1412	1
1414	1
1415	2
1419	1
1420	1
1422	2
1424	1
1427	2
1428	1
1429	1
1430	1
1432	1
1434	1
1435	1
1436	1
1439	2
1442	1
1443	1
1444	1
1445	1
1446	1
1447	2
1448	1
1449	1
1453	2
1454	1
1455	2
1456	1
1460	1
1463	2
1469	1
1470	1
1475	1
1480	1
1481	1
1482	2
1484	1
1485	3
1490	1
1495	1
1496	1
1497	2
1500	1
1503	1
1512	1
1515	1
1516	1
1523	3
1525	1
1528	2
1532	3
1533	1
1534	1
1539	1
1540	3
1541	1
1544	2
1547	2
1548	1
1550	1
1551	1
1557	1
1561	1
1562	1
1564	1
1569	1
1572	1
1574	1
1576	2
1579	1
1582	1
1583	2
1587	1
1590	1
1591	1
1592	1
1595	3
1596	1
1598	1
1602	1
1604	2
1605	1
1607	1
1609	1
1610	1
1616	1
1617	3
1618	3
1621	1
1622	1
1623	2
1624	1
1625	2
1631	1
1632	1
1639	2
1640	1
1641	1
1643	1
1646	1
1647	3
1651	1
1652	1
1659	1
1661	2
1663	1
1664	1
1666	1
1667	1
1668	1
1673	1
1677	2
1678	1
1680	1
1682	2
1685	1
1687	1
1691	1
1692	1
1694	1
1695	1
1699	2
1703	1
1706	2
1708	1
1710	1
1715	2
1716	3
1717	1
1719	1
1720	1
1721	1
1724	1
1730	1
1731	1
1732	2
1733	1
1734	1
1736	1
1741	1
1744	2
1750	1
1752	1
1756	1
1757	1
1759	1
1765	1
1767	1
1768	1
1770	1
1777	1
1778	1
1779	1
1782	2
1784	1
1788	1
1789	1
1790	1
1791	1
1793	1
1795	2
1798	2
1799	1
1803	1
1811	1
1812	1
1816	1
1817	1
1818	1
1819	1
1822	1
1823	1
1830	1
1835	1
1841	1
1843	1
1848	1
1849	1
1850	2
1863	1
1864	1
1865	3
1866	1
1871	1
1873	1
1874	1
1875	2
1878	1
1881	1
1890	1
1894	1
1899	1
1904	1
1910	1
1911	1
1912	1
1920	1
1922	1
1935	1
1937	1
1938	1
1940	1
1941	1
1944	1
1952	1
1955	1
1963	1
1967	1
1981	1
1983	1
1986	1
1989	1
1996	1
1997	1
2004	1
2025	2
2033	1
2053	1
2058	1
2060	1
2063	1
2065	1
2067	1
2069	1
2082	1
2088	1
2099	1
2102	1
2104	1
2106	1
2109	1
2115	1
2122	1
2135	1
2149	1
2166	1
2169	1
2172	1
2179	1
2188	1
2205	1
2206	1
2226	1
2229	1
2232	1
2240	1
2248	1
2254	1
2271	1
2281	2
2283	1
2310	1
2335	1
2345	1
2346	1
2352	1
2355	1
2358	1
2379	1
2382	1
2391	1
2393	1
2397	1
2471	1
2488	1
2611	1
2635	1
2663	1
2737	1
2767	1
2779	1
2804	1
2808	1
2815	1
2816	1
2827	1
2834	1
2949	1
3026	1
3103	1
