1	4705
2	2206
3	2632
4	2033
5	2179
6	1816
7	1745
8	1425
9	1530
10	1205
11	1248
12	1112
13	1104
14	1124
15	1039
16	853
17	835
18	866
19	847
20	784
21	782
22	669
23	658
24	588
25	601
26	586
27	525
28	581
29	555
30	514
31	542
32	467
33	507
34	485
35	460
36	456
37	485
38	371
39	433
40	416
41	389
42	400
43	405
44	377
45	390
46	369
47	331
48	349
49	331
50	346
51	316
52	322
53	329
54	344
55	304
56	294
57	307
58	337
59	302
60	299
61	313
62	294
63	295
64	272
65	253
66	299
67	303
68	216
69	286
70	244
71	272
72	258
73	242
74	251
75	297
76	266
77	254
78	238
79	246
80	236
81	222
82	276
83	194
84	257
85	234
86	237
87	254
88	222
89	240
90	213
91	222
92	232
93	225
94	202
95	199
96	205
97	205
98	197
99	178
100	212
101	199
102	190
103	209
104	178
105	189
106	180
107	183
108	181
109	173
110	178
111	170
112	144
113	194
114	164
115	187
116	139
117	166
118	154
119	154
120	135
121	154
122	152
123	167
124	143
125	152
126	127
127	159
128	143
129	134
130	156
131	147
132	155
133	167
134	122
135	148
136	128
137	134
138	114
139	115
140	140
141	127
142	113
143	122
144	121
145	116
146	125
147	117
148	126
149	106
150	97
151	91
152	114
153	112
154	95
155	104
156	103
157	102
158	104
159	94
160	93
161	106
162	94
163	85
164	95
165	88
166	87
167	86
168	86
169	100
170	95
171	73
172	87
173	86
174	85
175	90
176	76
177	72
178	70
179	72
180	80
181	91
182	75
183	75
184	73
185	69
186	75
187	87
188	65
189	65
190	68
191	72
192	82
193	81
194	78
195	69
196	56
197	88
198	69
199	57
200	64
201	62
202	61
203	64
204	60
205	56
206	50
207	86
208	52
209	56
210	54
211	65
212	52
213	64
214	46
215	44
216	64
217	48
218	49
219	54
220	61
221	45
222	49
223	47
224	63
225	58
226	36
227	44
228	51
229	51
230	35
231	43
232	52
233	49
234	48
235	49
236	28
237	44
238	27
239	41
240	42
241	38
242	37
243	36
244	38
245	33
246	31
247	36
248	38
249	42
250	32
251	29
252	29
253	39
254	39
255	32
256	31
257	27
258	32
259	38
260	31
261	34
262	30
263	34
264	31
265	35
266	34
267	37
268	41
269	30
270	36
271	30
272	19
273	37
274	29
275	35
276	32
277	29
278	27
279	25
280	30
281	24
282	39
283	33
284	31
285	19
286	26
287	24
288	23
289	16
290	29
291	26
292	22
293	20
294	18
295	22
296	29
297	24
298	16
299	28
300	13
301	14
302	23
303	24
304	30
305	16
306	29
307	29
308	22
309	32
310	20
311	15
312	24
313	18
314	23
315	17
316	25
317	21
318	29
319	24
320	19
321	17
322	19
323	21
324	13
325	22
326	18
327	15
328	9
329	19
330	17
331	13
332	11
333	11
334	16
335	16
336	19
337	17
338	20
339	21
340	14
341	15
342	13
343	15
344	7
345	14
346	20
347	19
348	19
349	18
350	13
351	17
352	11
353	20
354	15
355	13
356	9
357	12
358	22
359	20
360	13
361	12
362	5
363	14
364	7
365	10
366	14
367	9
368	13
369	13
370	14
371	18
372	11
373	13
374	14
375	10
376	15
377	13
378	7
379	15
380	11
381	11
382	15
383	8
384	16
385	17
386	16
387	6
388	14
389	11
390	13
391	16
392	13
393	9
394	13
395	11
396	7
397	3
398	9
399	14
400	12
401	12
402	7
403	11
404	8
405	14
406	9
407	10
408	17
409	3
410	13
411	10
412	9
413	5
414	10
415	5
416	8
417	9
418	7
419	3
420	7
421	8
422	6
423	11
424	4
425	8
426	11
427	4
428	7
429	4
430	6
431	9
432	8
433	6
434	8
435	7
436	4
437	8
438	9
439	7
440	6
441	6
442	2
443	5
444	12
445	9
446	8
447	9
448	7
449	4
450	9
451	4
452	7
453	10
454	3
455	9
456	4
457	4
458	10
459	5
460	8
461	8
462	9
463	8
464	8
465	3
466	5
467	4
468	5
469	8
470	6
471	8
472	4
473	10
474	7
475	5
476	5
477	5
478	5
479	10
480	8
481	10
482	4
483	5
484	5
485	5
486	4
487	7
488	7
489	4
490	8
491	9
492	5
493	2
494	5
495	3
496	5
497	2
498	4
499	3
500	2
501	3
502	3
503	8
504	1
505	5
506	2
507	3
508	4
509	7
510	4
511	2
512	5
513	4
514	3
515	2
516	4
517	1
518	4
519	1
520	3
521	5
522	3
523	9
524	2
525	6
526	3
527	3
528	5
529	4
530	5
531	2
532	3
533	1
534	1
535	1
536	2
537	4
538	1
539	5
540	5
541	4
542	1
543	4
544	4
545	3
546	4
547	3
548	2
550	7
551	3
552	2
553	1
554	3
555	6
556	3
557	3
558	2
559	3
560	4
561	1
562	2
563	3
564	6
565	1
566	2
567	3
569	3
570	2
572	1
573	3
574	3
575	4
576	2
577	3
578	2
579	4
580	3
581	1
582	4
583	4
584	1
585	2
586	3
587	3
588	4
589	2
591	2
594	2
595	4
596	3
597	3
598	3
599	2
600	1
601	2
603	4
604	3
605	2
606	1
607	3
609	2
610	1
611	2
612	5
613	2
614	2
615	3
616	3
618	2
620	3
622	1
623	1
624	4
625	1
626	2
627	1
628	1
629	2
630	4
631	3
632	2
633	1
634	1
635	1
636	1
638	1
639	3
640	3
641	1
643	2
645	3
646	2
647	4
648	1
649	1
650	1
651	1
652	1
653	3
655	2
656	2
659	2
660	1
661	3
664	2
665	1
666	1
667	3
668	1
669	2
670	1
671	2
672	3
673	1
674	2
676	1
677	1
678	1
679	1
680	2
681	1
683	1
688	2
690	1
691	3
692	4
693	1
695	1
697	2
698	1
702	2
704	1
706	2
707	1
709	2
710	3
711	2
713	2
715	2
716	2
718	1
719	1
720	1
721	2
722	1
725	2
726	2
730	1
732	1
734	2
735	1
736	2
737	1
739	1
741	1
742	1
745	1
747	1
748	1
750	1
751	4
752	2
754	2
756	1
759	1
760	1
761	1
762	1
763	1
766	2
770	1
771	1
772	2
775	1
776	1
777	1
778	1
779	1
780	2
782	2
783	1
784	1
785	1
787	2
790	1
791	1
792	1
794	1
797	3
798	1
801	1
802	2
803	1
804	1
810	1
813	1
814	1
816	1
817	1
818	2
830	1
833	1
838	1
841	1
846	1
850	1
851	1
852	1
853	2
855	1
857	1
859	2
861	2
862	1
863	1
865	1
866	1
867	1
868	2
870	1
873	2
876	1
879	1
880	1
881	1
883	1
885	1
886	1
887	1
889	3
893	1
895	1
897	2
901	1
903	1
905	1
908	1
915	1
916	1
921	1
923	1
925	1
927	1
929	1
932	1
933	1
937	1
939	1
941	1
942	1
953	2
955	1
974	1
983	1
986	1
988	1
991	1
1000	1
1010	1
1012	1
1016	1
1038	1
1039	1
1042	1
1050	2
1062	3
1067	1
1069	2
1071	1
1075	1
1080	1
1088	1
1100	1
1101	1
1104	2
1111	1
1123	1
1134	1
1137	1
1143	1
1147	1
1195	1
1198	1
1211	1
1216	1
1226	1
1229	1
1231	1
1236	1
1239	1
1240	1
1244	1
1261	1
1275	1
1294	1
1303	1
1308	1
1329	1
1380	1
1396	1
1413	1
1474	1
1483	1
1501	1
1559	1
1578	1
1581	1
1584	1
1611	1
1676	1
1686	1
1737	1
2036	1
2086	1
