1	6083
2	2444
3	2542
4	2202
5	2450
6	1875
7	2021
8	1552
9	1791
10	1625
11	1661
12	1280
13	1364
14	1173
15	1067
16	959
17	944
18	821
19	937
20	908
21	874
22	913
23	871
24	776
25	662
26	712
27	682
28	637
29	597
30	693
31	616
32	608
33	657
34	560
35	526
36	529
37	560
38	508
39	489
40	533
41	513
42	519
43	548
44	576
45	539
46	583
47	485
48	531
49	499
50	485
51	501
52	486
53	445
54	493
55	432
56	488
57	465
58	452
59	412
60	422
61	387
62	348
63	336
64	339
65	326
66	323
67	329
68	274
69	313
70	240
71	276
72	263
73	271
74	272
75	281
76	230
77	262
78	270
79	230
80	185
81	231
82	211
83	233
84	203
85	211
86	193
87	163
88	162
89	174
90	178
91	159
92	159
93	130
94	156
95	144
96	143
97	135
98	146
99	123
100	150
101	123
102	128
103	129
104	109
105	139
106	133
107	132
108	118
109	139
110	132
111	119
112	116
113	97
114	106
115	98
116	104
117	82
118	80
119	73
120	81
121	70
122	71
123	86
124	81
125	72
126	90
127	80
128	82
129	76
130	74
131	59
132	66
133	68
134	89
135	71
136	78
137	74
138	73
139	72
140	69
141	69
142	68
143	63
144	64
145	73
146	72
147	76
148	64
149	64
150	81
151	84
152	72
153	72
154	73
155	62
156	70
157	68
158	72
159	81
160	84
161	90
162	65
163	74
164	70
165	61
166	56
167	61
168	43
169	53
170	54
171	54
172	52
173	48
174	46
175	52
176	51
177	65
178	42
179	55
180	46
181	59
182	59
183	55
184	47
185	49
186	48
187	56
188	46
189	55
190	55
191	44
192	58
193	64
194	43
195	44
196	56
197	54
198	43
199	37
200	54
201	28
202	47
203	39
204	38
205	51
206	43
207	32
208	30
209	46
210	35
211	42
212	48
213	51
214	41
215	30
216	37
217	33
218	38
219	48
220	56
221	47
222	27
223	41
224	37
225	32
226	39
227	30
228	38
229	23
230	32
231	50
232	40
233	44
234	37
235	31
236	33
237	38
238	39
239	27
240	35
241	31
242	45
243	35
244	33
245	35
246	40
247	42
248	26
249	37
250	34
251	34
252	34
253	36
254	27
255	28
256	30
257	24
258	29
259	40
260	25
261	29
262	38
263	35
264	28
265	24
266	22
267	28
268	25
269	24
270	30
271	21
272	25
273	27
274	29
275	31
276	36
277	29
278	25
279	30
280	20
281	26
282	23
283	28
284	26
285	33
286	23
287	26
288	23
289	39
290	29
291	27
292	33
293	20
294	29
295	19
296	17
297	22
298	25
299	18
300	28
301	22
302	19
303	25
304	20
305	29
306	22
307	24
308	26
309	16
310	32
311	20
312	16
313	19
314	22
315	25
316	23
317	20
318	17
319	20
320	15
321	27
322	19
323	30
324	10
325	25
326	20
327	22
328	20
329	13
330	20
331	22
332	20
333	15
334	13
335	27
336	21
337	21
338	17
339	19
340	9
341	21
342	26
343	27
344	13
345	14
346	17
347	18
348	13
349	10
350	21
351	19
352	8
353	15
354	16
355	14
356	21
357	12
358	16
359	15
360	26
361	22
362	11
363	16
364	15
365	14
366	11
367	21
368	7
369	21
370	16
371	11
372	13
373	19
374	11
375	18
376	5
377	12
378	17
379	11
380	8
381	17
382	10
383	19
384	18
385	15
386	8
387	9
388	17
389	10
390	12
391	12
392	4
393	10
394	7
395	13
396	7
397	9
398	16
399	15
400	8
401	16
402	16
403	17
404	10
405	13
406	14
407	9
408	16
409	16
410	5
411	9
412	10
413	6
414	15
415	14
416	11
417	7
418	9
419	8
420	12
421	9
422	13
423	10
424	15
425	12
426	8
427	13
428	15
429	14
430	13
431	8
432	10
433	8
434	13
435	4
436	8
437	12
438	7
439	11
440	5
441	15
442	10
443	7
444	13
445	6
446	6
447	10
448	10
449	13
450	18
451	12
452	9
453	11
454	3
455	6
456	11
457	12
458	9
459	12
460	7
461	6
462	6
463	7
464	5
465	12
466	8
467	13
468	5
469	6
470	11
471	10
472	8
473	11
474	8
475	10
476	12
477	5
478	9
479	2
480	6
481	3
482	6
483	6
484	10
485	4
486	9
487	8
488	4
489	10
490	11
491	12
492	6
493	12
494	7
495	5
496	6
497	8
498	7
499	11
500	8
501	7
502	4
503	3
504	5
505	12
506	7
507	2
508	7
509	6
510	2
511	6
512	8
513	4
514	11
515	8
516	8
517	6
518	5
519	12
520	4
521	6
522	5
523	7
524	2
525	3
526	8
527	7
528	6
529	6
530	3
531	5
532	5
533	3
534	1
535	6
536	10
537	5
538	7
539	5
540	10
541	8
542	6
543	8
544	6
545	4
546	5
547	5
548	7
549	3
550	7
551	3
552	5
553	6
554	4
555	2
556	2
557	2
558	3
559	2
560	5
561	8
562	1
563	4
564	3
565	6
566	7
567	4
568	5
569	9
570	6
571	8
572	4
573	4
574	4
575	8
576	7
577	5
578	3
579	4
580	6
581	3
582	4
583	8
584	9
585	6
586	8
587	3
588	1
590	2
591	5
592	8
593	6
594	1
595	2
596	3
597	7
598	3
599	5
600	1
601	5
602	6
603	7
604	3
605	3
606	3
607	2
608	2
609	3
610	2
611	2
612	4
613	3
614	2
615	2
616	3
617	1
618	3
619	5
620	3
621	5
622	3
623	9
624	3
625	2
626	4
628	2
629	5
631	4
632	2
633	2
634	4
635	3
636	2
637	3
638	2
639	4
640	4
641	2
642	3
643	1
644	5
645	1
646	1
647	1
648	4
649	4
650	1
651	1
652	4
653	5
655	2
656	3
658	3
659	2
660	5
661	3
662	4
663	1
664	2
665	2
666	5
667	4
668	2
669	5
670	5
671	3
672	2
673	6
674	3
675	3
676	2
677	5
679	2
680	5
681	1
682	4
683	1
684	2
685	3
686	1
687	3
688	1
689	3
690	3
691	3
692	6
693	3
694	3
695	1
696	3
697	2
699	1
700	2
702	3
703	2
704	5
706	2
707	1
708	2
709	1
710	3
711	2
713	1
714	1
715	3
717	1
718	2
719	1
720	2
721	4
722	1
723	4
724	2
725	3
726	1
727	2
728	3
729	3
731	4
732	1
733	2
734	3
735	1
736	4
737	1
738	2
739	3
740	1
741	1
742	1
743	3
744	4
745	3
746	1
748	2
749	1
750	4
752	2
753	3
754	2
755	2
756	4
757	1
759	1
760	1
762	2
763	3
764	1
766	1
768	1
770	2
771	3
772	1
774	1
775	5
776	1
777	2
778	1
779	1
781	1
782	1
783	6
784	4
785	3
786	1
787	2
788	1
789	2
790	1
791	2
792	1
795	4
796	4
797	3
798	2
799	1
800	4
801	1
802	1
803	1
804	1
805	2
806	2
808	1
809	1
810	1
811	1
812	1
813	3
814	1
815	1
816	3
817	1
818	1
819	1
820	6
821	3
822	2
823	2
824	2
825	3
827	2
829	2
830	2
831	1
832	1
833	2
834	3
835	1
836	3
837	1
839	1
849	1
850	2
851	1
852	2
853	2
854	2
857	1
858	1
859	2
862	2
864	1
866	1
867	2
871	4
875	1
876	1
877	1
878	1
880	1
881	2
882	3
883	2
884	1
885	2
886	1
887	3
889	2
890	2
892	3
893	2
894	1
895	2
896	2
898	1
899	3
901	2
904	3
905	1
906	3
908	2
910	1
911	2
912	2
916	3
920	1
922	2
923	1
928	3
929	1
930	1
931	1
932	1
933	1
934	1
935	1
936	2
937	2
938	1
939	1
944	1
945	1
946	3
947	1
948	1
952	2
953	4
954	1
956	3
958	1
960	1
961	3
962	1
963	1
965	1
970	1
974	1
975	3
976	1
980	2
981	1
984	1
985	1
986	1
992	2
994	1
996	1
999	1
1002	2
1005	2
1007	3
1011	2
1013	1
1015	1
1016	1
1018	2
1019	2
1021	1
1023	1
1026	1
1031	1
1032	1
1033	1
1036	1
1037	1
1039	2
1043	1
1044	2
1045	1
1046	1
1049	1
1050	2
1052	2
1054	1
1057	1
1061	2
1066	3
1067	1
1068	1
1069	1
1072	1
1075	3
1076	1
1077	2
1082	2
1083	1
1086	1
1090	1
1091	1
1093	1
1094	1
1098	1
1099	1
1102	1
1104	1
1108	1
1114	1
1115	1
1116	1
1121	2
1123	1
1126	1
1127	1
1129	1
1135	1
1136	1
1137	1
1140	1
1142	1
1143	1
1149	1
1150	1
1151	1
1156	1
1158	1
1159	2
1169	1
1178	1
1182	1
1183	1
1184	1
1188	1
1190	2
1191	1
1198	1
1200	1
1202	1
1203	1
1204	1
1205	2
1216	1
1223	1
1228	2
1229	1
1231	1
1232	1
1234	1
1235	1
1240	2
1244	1
1245	1
1256	1
1259	1
1260	1
1265	1
1271	1
1276	1
1277	1
1287	1
1288	1
1289	1
1295	1
1300	1
1301	1
1302	1
1311	1
1313	1
1315	1
1319	1
1321	1
1323	1
1329	1
1331	1
1332	1
1334	1
1336	1
1344	1
1346	1
1355	2
1362	1
1365	1
1366	1
1367	1
1368	1
1369	1
1373	1
1376	1
1378	1
1379	1
1386	1
1390	1
1392	1
1397	1
1398	1
1401	1
1402	1
1409	1
1413	1
1429	1
1430	1
1432	1
1434	1
1436	1
1437	1
1443	1
1450	1
1452	1
1459	1
1460	1
1470	1
1488	1
1505	1
1510	1
1520	2
1522	1
1530	1
1531	1
1540	1
1553	1
1561	1
1567	1
1580	1
1587	1
1626	1
1640	1
1681	1
1684	1
1727	1
1730	1
1758	1
1766	1
1778	1
1782	1
1795	1
1807	1
1820	1
1829	1
1838	1
1845	1
1866	1
1887	1
1897	1
1901	1
1907	1
1927	1
1934	1
1968	1
2009	1
2014	1
2018	1
2025	1
2114	1
2115	1
2236	1
2277	1
2320	2
2428	1
2484	1
2515	1
2617	1
2670	1
2697	1
2849	1
