1	7026
2	2653
3	2761
4	2417
5	2997
6	2248
7	2305
8	1716
9	1784
10	1687
11	1826
12	1339
13	1429
14	1248
15	1141
16	1063
17	1100
18	887
19	977
20	901
21	865
22	896
23	820
24	663
25	566
26	595
27	553
28	582
29	472
30	593
31	540
32	554
33	645
34	526
35	505
36	505
37	514
38	445
39	439
40	492
41	497
42	490
43	519
44	522
45	486
46	512
47	484
48	424
49	398
50	499
51	471
52	437
53	469
54	467
55	499
56	459
57	457
58	395
59	431
60	375
61	362
62	299
63	360
64	337
65	307
66	302
67	310
68	280
69	245
70	233
71	207
72	224
73	237
74	232
75	261
76	200
77	245
78	215
79	174
80	176
81	169
82	179
83	172
84	168
85	136
86	150
87	142
88	136
89	150
90	133
91	133
92	135
93	137
94	133
95	128
96	108
97	126
98	100
99	127
100	113
101	94
102	113
103	90
104	90
105	101
106	86
107	71
108	97
109	81
110	82
111	91
112	70
113	72
114	50
115	77
116	92
117	55
118	45
119	69
120	80
121	70
122	72
123	65
124	57
125	87
126	78
127	59
128	63
129	68
130	57
131	62
132	64
133	45
134	55
135	54
136	48
137	57
138	50
139	47
140	56
141	61
142	63
143	49
144	48
145	61
146	54
147	61
148	45
149	47
150	41
151	46
152	50
153	59
154	53
155	29
156	46
157	48
158	40
159	49
160	52
161	38
162	61
163	37
164	44
165	55
166	47
167	45
168	66
169	42
170	52
171	46
172	42
173	40
174	58
175	33
176	44
177	45
178	45
179	47
180	48
181	37
182	41
183	37
184	39
185	34
186	37
187	51
188	32
189	35
190	37
191	34
192	44
193	48
194	33
195	35
196	33
197	29
198	36
199	31
200	40
201	34
202	40
203	37
204	47
205	29
206	28
207	36
208	34
209	29
210	17
211	38
212	28
213	31
214	33
215	42
216	31
217	40
218	27
219	29
220	25
221	28
222	33
223	33
224	32
225	40
226	29
227	33
228	24
229	27
230	33
231	29
232	28
233	31
234	35
235	23
236	27
237	33
238	27
239	28
240	23
241	28
242	26
243	24
244	30
245	29
246	31
247	20
248	29
249	25
250	31
251	22
252	35
253	26
254	22
255	25
256	31
257	19
258	24
259	26
260	18
261	27
262	27
263	17
264	25
265	28
266	28
267	28
268	28
269	19
270	30
271	18
272	33
273	24
274	27
275	22
276	23
277	17
278	25
279	25
280	29
281	28
282	27
283	16
284	25
285	21
286	26
287	28
288	24
289	31
290	29
291	31
292	23
293	29
294	28
295	27
296	22
297	24
298	34
299	29
300	27
301	29
302	25
303	25
304	24
305	20
306	19
307	23
308	27
309	28
310	27
311	33
312	27
313	26
314	18
315	20
316	12
317	21
318	23
319	17
320	15
321	24
322	16
323	23
324	26
325	21
326	22
327	21
328	26
329	11
330	19
331	21
332	30
333	17
334	26
335	20
336	22
337	21
338	31
339	13
340	27
341	18
342	22
343	14
344	15
345	18
346	17
347	20
348	25
349	21
350	13
351	22
352	15
353	24
354	24
355	25
356	19
357	16
358	16
359	17
360	20
361	21
362	25
363	24
364	15
365	15
366	21
367	20
368	11
369	17
370	21
371	20
372	17
373	14
374	26
375	13
376	18
377	20
378	12
379	22
380	16
381	12
382	16
383	16
384	15
385	30
386	14
387	22
388	18
389	20
390	16
391	14
392	11
393	15
394	20
395	15
396	15
397	17
398	19
399	14
400	16
401	10
402	14
403	22
404	18
405	19
406	13
407	12
408	7
409	9
410	14
411	17
412	15
413	15
414	19
415	10
416	12
417	21
418	16
419	19
420	19
421	18
422	12
423	14
424	16
425	13
426	15
427	10
428	19
429	10
430	13
431	8
432	14
433	15
434	11
435	10
436	12
437	15
438	14
439	17
440	13
441	14
442	13
443	16
444	12
445	13
446	10
447	9
448	14
449	11
450	11
451	11
452	8
453	12
454	12
455	8
456	16
457	15
458	15
459	13
460	11
461	12
462	16
463	9
464	13
465	8
466	12
467	7
468	10
469	9
470	13
471	7
472	12
473	11
474	10
475	9
476	6
477	7
478	15
479	4
480	6
481	6
482	12
483	8
484	7
485	7
486	4
487	11
488	8
489	10
490	9
491	8
492	21
493	7
494	17
495	15
496	9
497	11
498	2
499	10
500	10
501	10
502	10
503	7
504	10
505	10
506	8
507	8
508	10
509	10
510	9
511	11
512	13
513	8
514	12
515	5
516	10
517	9
518	4
519	12
520	8
521	10
522	13
523	13
524	12
525	12
526	7
527	9
528	14
529	4
530	13
531	9
532	6
533	10
534	10
535	10
536	9
537	12
538	11
539	5
540	11
541	14
542	8
543	11
544	9
545	16
546	10
547	7
548	10
549	9
550	13
551	7
552	7
553	5
554	8
555	6
556	5
557	10
558	8
559	9
560	8
561	5
562	4
563	10
564	5
565	5
566	7
567	6
568	10
569	4
570	5
571	7
572	5
573	9
574	5
575	10
576	3
577	5
578	6
579	13
580	9
581	8
582	6
583	3
584	5
585	6
586	8
587	8
588	5
589	8
590	6
591	5
592	11
593	4
594	5
595	6
596	12
597	4
598	4
599	5
600	6
601	9
602	6
603	4
604	6
605	2
606	2
607	6
608	8
609	4
610	11
611	1
612	9
613	9
614	4
615	5
616	4
617	6
618	1
619	3
620	7
621	6
622	10
623	5
624	6
625	4
626	8
627	6
628	7
629	5
630	5
631	7
632	4
633	8
634	2
635	2
636	4
637	6
638	5
639	5
640	3
641	2
642	7
643	8
644	4
645	2
646	4
647	7
648	12
649	8
650	2
651	3
652	4
653	2
654	5
655	3
656	1
657	6
658	2
659	4
660	1
661	1
662	4
663	2
664	5
665	5
666	7
667	5
668	3
669	4
670	3
671	4
672	3
673	1
674	2
675	3
676	4
677	6
678	3
679	1
680	3
681	3
682	5
683	2
684	11
685	4
686	3
687	3
688	4
689	3
690	2
691	4
692	4
693	5
694	7
695	4
696	3
697	2
698	1
699	4
700	4
701	4
702	2
703	2
704	3
705	6
706	2
707	6
709	1
710	1
711	2
712	4
713	4
714	3
715	5
716	3
717	3
718	2
719	4
720	2
721	7
722	3
723	5
724	4
725	2
726	4
727	1
728	4
729	2
730	2
731	2
732	2
733	5
734	3
735	1
736	3
737	1
738	3
739	3
740	6
741	2
743	1
744	2
745	3
746	3
747	1
748	3
749	2
750	2
751	2
752	3
753	2
755	4
756	2
757	5
758	4
759	1
760	3
762	1
763	2
764	3
765	3
766	1
767	1
768	3
769	4
770	4
771	1
772	7
773	4
774	5
775	3
776	2
777	5
778	8
779	3
782	1
784	6
785	2
786	4
787	1
788	6
789	2
790	6
791	5
792	2
793	2
794	1
796	5
797	3
798	4
799	4
800	3
801	2
802	2
803	1
804	1
805	4
806	2
808	1
809	3
810	1
812	1
813	3
815	1
816	1
817	1
818	4
820	2
822	2
823	3
825	1
826	4
827	1
828	3
829	1
831	1
832	4
833	1
835	2
836	1
837	1
839	5
840	2
842	2
843	3
844	1
845	2
846	1
847	4
848	2
849	2
850	2
851	1
852	2
853	1
854	4
855	1
856	1
857	1
858	3
859	2
860	2
861	2
862	4
863	2
864	3
865	3
866	2
868	2
871	2
872	2
873	4
875	1
876	4
877	3
878	3
879	2
881	3
882	3
883	3
884	2
886	2
887	1
889	1
890	3
891	1
892	3
893	3
894	3
896	1
898	2
899	1
900	3
901	2
902	1
903	1
904	2
905	2
907	3
908	3
909	4
914	2
915	1
916	3
917	2
920	2
922	1
923	1
924	3
925	1
927	3
928	3
929	2
930	1
931	1
932	2
933	4
934	1
936	1
939	1
940	3
942	1
946	1
947	1
949	1
950	1
953	3
954	5
955	1
957	2
958	1
959	1
960	4
962	1
964	3
965	1
966	2
967	1
969	1
971	1
972	2
973	1
974	1
975	3
979	1
980	3
981	2
982	1
983	2
984	2
985	1
986	1
987	1
988	1
989	4
990	1
991	1
992	2
994	1
995	2
996	1
999	1
1000	3
1001	1
1002	1
1004	1
1005	2
1006	2
1009	2
1010	1
1011	1
1013	1
1014	1
1015	3
1017	1
1018	2
1022	1
1023	1
1024	1
1025	1
1027	2
1030	2
1032	1
1034	1
1035	4
1036	1
1038	1
1041	1
1042	4
1043	1
1044	1
1048	1
1049	2
1050	1
1053	3
1057	1
1062	2
1063	1
1065	1
1066	2
1068	1
1074	1
1076	1
1078	1
1080	1
1084	1
1085	2
1088	1
1091	1
1093	1
1094	1
1097	1
1099	1
1100	1
1103	2
1105	1
1106	3
1109	1
1110	1
1111	3
1113	1
1114	3
1116	1
1117	2
1118	1
1119	1
1120	1
1121	2
1122	1
1125	1
1126	2
1128	1
1129	1
1134	1
1135	1
1138	1
1140	2
1141	2
1142	1
1147	1
1150	1
1151	1
1152	1
1153	2
1154	1
1155	3
1156	1
1158	1
1162	1
1164	1
1167	1
1169	1
1170	1
1172	1
1173	1
1174	2
1175	1
1176	2
1179	1
1180	1
1182	1
1185	1
1186	1
1190	2
1191	1
1193	1
1194	1
1196	1
1198	1
1200	2
1204	1
1205	1
1209	1
1210	4
1211	1
1212	2
1213	2
1219	1
1221	1
1227	2
1230	1
1232	1
1236	1
1240	2
1241	1
1242	1
1245	1
1249	2
1251	1
1255	2
1257	1
1260	1
1266	1
1267	1
1271	1
1274	1
1279	1
1280	1
1281	1
1282	1
1290	1
1296	2
1300	1
1301	2
1302	1
1304	1
1305	1
1311	2
1313	1
1317	2
1323	1
1324	1
1326	1
1331	1
1332	2
1337	1
1341	1
1342	1
1345	1
1346	2
1349	1
1350	1
1354	3
1362	1
1363	1
1364	1
1365	1
1366	1
1369	1
1371	1
1377	1
1380	1
1381	1
1382	1
1383	1
1384	1
1385	1
1391	1
1396	1
1397	1
1398	1
1402	1
1403	1
1404	1
1405	1
1407	1
1410	1
1413	1
1414	2
1415	1
1420	2
1423	1
1424	1
1425	1
1427	1
1429	2
1433	1
1436	1
1437	1
1452	2
1458	2
1460	2
1462	1
1463	1
1469	1
1470	1
1472	2
1473	1
1492	1
1504	2
1506	1
1515	1
1518	1
1523	1
1524	2
1525	1
1534	1
1535	1
1539	1
1556	1
1561	1
1569	1
1570	1
1572	1
1575	2
1577	1
1587	1
1593	1
1599	1
1602	1
1604	1
1605	1
1607	1
1608	1
1610	1
1622	1
1626	1
1627	1
1630	2
1631	1
1634	1
1643	1
1647	2
1648	2
1650	1
1656	1
1658	1
1666	1
1670	1
1673	1
1676	2
1679	1
1682	2
1686	1
1692	1
1699	1
1701	1
1702	1
1703	1
1705	2
1718	1
1727	1
1733	1
1739	1
1740	1
1746	1
1762	1
1769	1
1771	1
1780	1
1790	1
1812	1
1840	1
1848	1
1851	1
1854	1
1867	1
1868	1
1896	1
1901	1
1915	1
1926	1
2008	1
2035	1
2037	1
2051	1
2054	1
2066	1
2077	1
2083	1
2086	1
2095	1
2101	1
2145	1
2152	1
2170	1
2215	1
2244	1
2252	1
2263	1
2303	1
2304	1
2313	1
2326	1
2332	1
2338	1
2376	2
2399	1
2402	1
2418	1
2445	1
2540	1
2549	1
2636	1
2646	1
2689	1
2819	1
2827	1
3511	1
