1	4992
2	2259
3	2967
4	1992
5	2099
6	1715
7	1707
8	1392
9	1500
10	1288
11	1407
12	1229
13	1340
14	1159
15	1220
16	964
17	1087
18	892
19	945
20	809
21	831
22	761
23	680
24	702
25	637
26	636
27	567
28	551
29	570
30	531
31	494
32	511
33	484
34	493
35	406
36	461
37	411
38	442
39	433
40	439
41	387
42	418
43	400
44	370
45	344
46	315
47	343
48	358
49	334
50	271
51	323
52	296
53	318
54	335
55	306
56	304
57	296
58	284
59	271
60	268
61	239
62	279
63	246
64	264
65	252
66	243
67	228
68	242
69	252
70	225
71	214
72	203
73	223
74	223
75	220
76	200
77	250
78	212
79	221
80	201
81	185
82	160
83	201
84	186
85	195
86	169
87	170
88	192
89	181
90	182
91	171
92	183
93	181
94	152
95	162
96	160
97	142
98	161
99	154
100	156
101	154
102	123
103	142
104	160
105	132
106	138
107	178
108	138
109	163
110	154
111	128
112	145
113	140
114	151
115	125
116	137
117	127
118	124
119	130
120	167
121	120
122	129
123	140
124	130
125	149
126	126
127	128
128	128
129	122
130	132
131	111
132	115
133	111
134	103
135	113
136	114
137	109
138	92
139	138
140	98
141	119
142	88
143	91
144	120
145	100
146	105
147	106
148	101
149	90
150	95
151	92
152	87
153	102
154	93
155	83
156	102
157	105
158	97
159	90
160	61
161	87
162	81
163	89
164	73
165	88
166	78
167	79
168	64
169	84
170	61
171	70
172	91
173	67
174	75
175	64
176	63
177	73
178	57
179	62
180	64
181	75
182	49
183	60
184	59
185	59
186	60
187	73
188	72
189	65
190	72
191	56
192	66
193	57
194	50
195	58
196	52
197	43
198	43
199	63
200	50
201	56
202	60
203	50
204	57
205	54
206	42
207	47
208	39
209	49
210	43
211	54
212	44
213	59
214	57
215	48
216	47
217	46
218	45
219	50
220	51
221	45
222	39
223	47
224	37
225	55
226	25
227	37
228	40
229	39
230	37
231	39
232	30
233	32
234	32
235	35
236	32
237	37
238	44
239	43
240	29
241	33
242	48
243	50
244	44
245	35
246	37
247	29
248	36
249	29
250	39
251	46
252	40
253	35
254	44
255	34
256	38
257	39
258	40
259	33
260	24
261	30
262	26
263	36
264	27
265	31
266	26
267	22
268	23
269	32
270	28
271	26
272	32
273	25
274	38
275	31
276	28
277	33
278	28
279	26
280	30
281	27
282	24
283	23
284	28
285	30
286	19
287	24
288	30
289	24
290	31
291	27
292	25
293	22
294	23
295	23
296	30
297	23
298	28
299	26
300	23
301	22
302	27
303	22
304	21
305	12
306	26
307	23
308	27
309	22
310	20
311	16
312	22
313	20
314	24
315	21
316	20
317	17
318	19
319	23
320	18
321	16
322	22
323	25
324	14
325	21
326	18
327	21
328	18
329	22
330	16
331	23
332	16
333	21
334	24
335	17
336	13
337	24
338	19
339	17
340	14
341	20
342	14
343	19
344	16
345	9
346	15
347	17
348	20
349	18
350	16
351	18
352	21
353	13
354	17
355	23
356	31
357	20
358	18
359	11
360	17
361	12
362	19
363	10
364	9
365	18
366	23
367	21
368	13
369	18
370	11
371	13
372	15
373	17
374	20
375	19
376	19
377	20
378	10
379	13
380	15
381	14
382	12
383	18
384	14
385	11
386	10
387	13
388	15
389	12
390	12
391	13
392	19
393	13
394	20
395	15
396	9
397	8
398	14
399	14
400	7
401	9
402	11
403	15
404	7
405	12
406	11
407	13
408	6
409	13
410	10
411	17
412	10
413	12
414	12
415	9
416	16
417	8
418	20
419	10
420	15
421	13
422	14
423	7
424	10
425	10
426	8
427	13
428	9
429	11
430	5
431	8
432	12
433	13
434	14
435	8
436	5
437	6
438	17
439	8
440	14
441	17
442	7
443	8
444	13
445	10
446	5
447	10
448	5
449	8
450	12
451	14
452	10
453	16
454	18
455	12
456	9
457	12
458	13
459	4
460	13
461	9
462	6
463	8
464	11
465	6
466	8
467	7
468	12
469	9
470	10
471	12
472	9
473	15
474	8
475	11
476	9
477	14
478	7
479	7
480	10
481	10
482	17
483	10
484	15
485	8
486	6
487	7
488	11
489	11
490	8
491	7
492	15
493	5
494	15
495	7
496	10
497	11
498	7
499	10
500	8
501	6
502	16
503	5
504	4
505	6
506	9
507	6
508	7
509	10
510	9
511	9
512	13
513	11
514	3
515	7
516	9
517	8
518	3
519	9
520	16
521	6
522	7
523	9
524	9
525	6
526	13
527	9
528	7
529	9
530	5
531	2
532	3
533	13
534	9
535	7
536	7
537	6
538	12
539	10
540	3
541	13
542	5
543	12
544	10
545	11
546	3
548	6
549	6
550	10
551	7
552	7
553	8
554	6
555	6
556	10
557	9
558	6
559	7
560	7
561	6
562	4
563	4
564	7
565	7
566	4
567	6
568	5
569	3
570	4
571	4
572	7
573	9
574	6
575	11
576	10
577	5
578	8
579	5
580	10
581	4
582	11
583	4
584	3
585	4
586	4
587	9
588	5
589	5
590	5
591	4
592	6
593	1
594	7
595	5
596	6
597	4
598	5
599	2
600	7
601	9
602	5
603	5
604	4
605	6
606	11
607	6
608	8
609	7
610	7
611	4
612	6
613	5
614	4
615	6
616	7
617	8
618	4
619	5
620	6
621	9
622	6
623	5
624	2
625	7
626	2
627	8
628	5
629	4
630	5
631	4
632	3
633	5
634	6
635	4
636	4
637	5
638	7
639	5
640	9
641	2
642	6
643	4
644	8
645	3
646	6
647	2
648	6
649	8
650	6
651	5
652	7
653	3
654	1
655	5
656	1
657	7
658	3
659	8
660	3
661	9
662	4
663	3
664	3
665	4
666	3
667	1
668	5
669	4
670	4
671	3
672	9
673	3
674	4
675	10
676	7
677	5
678	7
679	2
680	6
681	3
682	2
683	2
684	4
685	2
686	3
687	2
688	4
689	3
690	7
691	6
692	5
693	3
694	4
695	5
696	9
697	3
698	2
699	5
700	1
701	2
702	2
703	4
704	3
705	4
706	5
707	3
708	5
709	3
710	2
711	7
712	5
713	3
714	1
715	7
716	4
717	6
718	4
719	5
720	2
721	2
722	3
723	4
724	1
725	4
726	3
727	2
728	4
729	4
730	7
731	2
732	4
733	3
734	3
735	3
736	2
737	5
738	4
740	3
741	3
743	4
744	3
745	9
746	4
747	2
748	1
749	2
750	4
751	2
752	6
753	4
754	2
755	2
756	8
757	1
758	4
759	6
760	4
762	5
763	7
764	6
765	5
766	6
767	3
768	3
769	2
770	2
772	2
773	3
774	4
775	2
776	1
777	3
778	2
780	2
781	6
782	2
784	2
785	5
786	5
787	3
788	5
789	5
790	2
791	7
792	4
793	1
795	1
796	4
797	2
798	1
799	1
800	9
801	3
802	3
803	2
804	2
805	3
806	3
807	7
808	3
809	7
810	2
811	5
812	3
813	1
814	3
815	2
816	5
817	4
818	1
819	2
820	2
821	4
822	2
823	1
824	1
825	3
826	2
828	3
829	1
830	4
831	6
832	1
833	4
834	2
835	2
836	5
837	2
838	3
839	2
840	2
841	2
842	2
843	3
844	2
845	3
846	5
847	3
848	3
849	2
850	3
851	2
852	4
853	1
854	1
855	4
856	2
857	5
858	3
860	1
862	2
863	1
864	4
865	2
866	6
867	4
868	3
869	1
870	3
871	2
872	5
873	3
874	3
875	4
876	4
877	2
878	3
879	4
880	5
881	4
882	1
883	1
884	2
885	2
886	3
887	3
888	4
889	1
890	3
891	2
892	3
893	1
894	3
896	4
897	5
898	3
899	2
900	2
901	1
902	2
903	3
904	2
905	1
906	4
907	2
908	2
909	3
910	1
911	2
912	5
913	2
914	3
915	1
916	2
919	1
920	1
922	1
924	1
925	1
926	1
927	3
928	1
930	3
931	3
932	2
934	1
935	3
936	3
937	1
938	1
939	4
940	1
941	2
942	3
943	1
944	2
945	3
946	1
948	3
949	1
950	2
951	1
952	4
953	2
954	3
955	5
956	2
957	3
958	1
959	3
960	2
961	2
963	1
964	1
965	1
966	1
967	2
968	3
969	3
971	1
972	2
973	2
974	5
975	1
976	1
977	1
978	2
979	1
980	1
981	2
982	2
983	2
984	1
985	2
986	2
987	1
988	1
989	3
990	3
992	4
993	5
995	2
996	2
998	1
999	5
1000	1
1001	1
1002	1
1003	1
1004	2
1005	1
1006	2
1008	2
1009	2
1010	2
1011	1
1012	1
1013	1
1014	2
1015	1
1016	2
1017	1
1018	2
1019	2
1020	2
1022	2
1023	1
1025	1
1026	2
1027	1
1028	3
1029	1
1030	2
1032	1
1033	2
1034	1
1035	3
1036	3
1037	1
1038	2
1039	3
1040	1
1041	1
1042	2
1043	2
1045	3
1047	2
1048	3
1049	4
1050	2
1051	3
1052	2
1055	3
1056	2
1057	1
1058	3
1059	1
1062	2
1064	3
1065	2
1066	2
1067	3
1070	2
1071	4
1072	2
1073	1
1074	2
1075	3
1078	1
1079	3
1080	2
1084	2
1087	3
1088	2
1091	1
1094	1
1098	2
1099	1
1103	3
1104	3
1105	1
1106	3
1108	2
1110	1
1111	1
1112	3
1113	2
1114	1
1115	4
1116	4
1117	1
1118	2
1119	2
1120	2
1121	1
1122	2
1123	1
1124	1
1125	1
1126	1
1127	1
1128	1
1129	1
1130	3
1131	2
1134	3
1135	1
1137	4
1138	2
1139	1
1140	2
1142	2
1143	1
1144	2
1146	2
1147	2
1148	1
1149	1
1150	1
1152	3
1154	1
1159	2
1162	1
1163	2
1165	1
1167	1
1168	3
1169	2
1170	2
1171	1
1172	2
1174	1
1175	2
1179	4
1180	3
1182	1
1183	1
1185	1
1187	2
1188	1
1189	1
1190	1
1191	2
1192	2
1193	1
1194	1
1195	1
1197	3
1201	1
1205	1
1207	1
1209	2
1210	3
1211	1
1213	1
1218	4
1219	1
1220	1
1221	1
1223	1
1224	4
1225	1
1227	1
1229	1
1231	1
1233	1
1234	2
1236	1
1238	1
1239	1
1241	1
1242	2
1243	3
1245	2
1247	2
1248	2
1251	2
1252	1
1253	2
1254	1
1258	1
1259	3
1260	2
1261	1
1264	1
1265	1
1267	1
1268	1
1270	2
1271	1
1272	2
1274	3
1275	3
1276	1
1277	1
1278	1
1279	1
1285	1
1286	1
1287	1
1288	1
1290	2
1292	1
1294	2
1295	1
1296	2
1300	3
1301	1
1306	1
1308	1
1311	1
1314	2
1321	1
1323	1
1325	1
1327	1
1329	1
1332	1
1333	1
1334	1
1335	1
1336	1
1338	2
1339	1
1341	3
1342	1
1344	2
1345	1
1347	3
1348	1
1349	1
1350	1
1354	3
1358	1
1359	1
1360	1
1361	2
1362	1
1364	1
1366	1
1367	1
1368	1
1369	1
1372	1
1377	1
1379	1
1380	1
1382	2
1384	1
1387	1
1388	2
1389	1
1390	1
1391	1
1393	1
1394	1
1395	1
1398	1
1399	1
1402	1
1405	1
1406	3
1412	2
1414	1
1415	1
1417	1
1423	1
1426	2
1428	1
1435	1
1440	1
1441	1
1444	2
1445	1
1452	3
1458	1
1461	2
1463	1
1464	1
1466	1
1468	1
1470	2
1471	1
1472	2
1475	1
1481	1
1483	1
1487	1
1489	2
1492	1
1493	1
1494	1
1495	1
1497	1
1498	2
1502	1
1506	1
1508	1
1509	2
1510	1
1512	1
1517	1
1520	1
1522	1
1523	1
1530	1
1531	1
1534	1
1537	2
1540	2
1541	2
1542	1
1544	2
1547	2
1556	2
1557	2
1559	1
1564	1
1569	2
1573	1
1592	1
1594	2
1597	1
1601	1
1604	1
1613	1
1614	1
1615	1
1616	1
1624	1
1628	1
1629	1
1639	1
1643	1
1645	2
1649	1
1651	1
1653	1
1656	1
1657	1
1664	2
1671	1
1672	2
1679	1
1684	1
1687	1
1698	1
1700	1
1722	1
1732	1
1737	1
1739	1
1747	1
1751	1
1754	2
1756	1
1758	1
1762	1
1768	1
1779	1
1785	1
1787	1
1791	1
1799	1
1801	1
1803	1
1816	1
1817	1
1828	1
1829	1
1830	1
1832	1
1833	1
1846	1
1852	1
1853	1
1856	1
1868	1
1872	1
1875	1
1894	1
1896	1
1902	1
1907	1
1910	1
1918	1
1945	1
1958	2
1963	1
1981	1
1982	1
1991	1
1998	2
2043	1
2046	1
2047	1
2057	1
2065	1
2066	1
2081	1
2096	1
2121	1
2151	1
2159	1
2190	1
2207	1
2240	1
2253	1
2263	1
2328	1
2348	1
2361	1
2375	1
2396	1
2406	1
2410	1
2439	1
2466	1
2504	1
2508	1
2514	1
2522	1
2565	1
2584	1
2591	1
2629	1
2643	1
2655	1
2737	1
2819	1
2935	1
2969	1
3007	1
3035	1
3144	1
3254	1
3256	1
3324	1
3400	1
3536	1
3599	1
4140	1
