1	4957
2	2893
3	2919
4	2102
5	2155
6	1650
7	1719
8	1443
9	1389
10	1221
11	1163
12	1062
13	1080
14	966
15	1008
16	928
17	899
18	827
19	906
20	820
21	728
22	649
23	674
24	658
25	591
26	577
27	593
28	520
29	512
30	453
31	483
32	481
33	496
34	434
35	461
36	424
37	445
38	406
39	408
40	411
41	370
42	376
43	343
44	321
45	350
46	322
47	319
48	352
49	311
50	306
51	346
52	265
53	310
54	262
55	259
56	276
57	278
58	260
59	250
60	238
61	251
62	245
63	237
64	209
65	247
66	247
67	246
68	228
69	222
70	240
71	230
72	219
73	223
74	222
75	180
76	187
77	190
78	190
79	225
80	194
81	181
82	179
83	196
84	188
85	191
86	210
87	149
88	174
89	177
90	167
91	163
92	168
93	184
94	138
95	164
96	149
97	162
98	165
99	159
100	165
101	140
102	156
103	145
104	169
105	141
106	149
107	149
108	147
109	151
110	149
111	136
112	115
113	121
114	134
115	115
116	118
117	127
118	131
119	129
120	109
121	110
122	111
123	117
124	117
125	144
126	120
127	120
128	112
129	118
130	104
131	119
132	103
133	90
134	95
135	127
136	115
137	88
138	89
139	103
140	99
141	101
142	103
143	88
144	100
145	82
146	90
147	102
148	91
149	93
150	93
151	72
152	72
153	86
154	83
155	91
156	96
157	83
158	107
159	87
160	79
161	90
162	74
163	82
164	76
165	68
166	79
167	84
168	69
169	73
170	70
171	77
172	70
173	71
174	85
175	85
176	65
177	86
178	63
179	67
180	52
181	61
182	65
183	59
184	57
185	69
186	57
187	42
188	45
189	61
190	58
191	63
192	47
193	64
194	52
195	62
196	65
197	57
198	49
199	48
200	57
201	66
202	60
203	52
204	53
205	47
206	42
207	52
208	53
209	56
210	59
211	59
212	38
213	43
214	34
215	34
216	45
217	40
218	47
219	33
220	36
221	35
222	29
223	31
224	34
225	31
226	37
227	29
228	42
229	43
230	35
231	40
232	41
233	35
234	40
235	34
236	39
237	30
238	33
239	26
240	31
241	22
242	33
243	27
244	40
245	37
246	33
247	23
248	24
249	21
250	27
251	35
252	18
253	29
254	28
255	34
256	25
257	29
258	19
259	29
260	32
261	23
262	27
263	31
264	18
265	34
266	26
267	25
268	25
269	36
270	28
271	31
272	13
273	23
274	21
275	21
276	30
277	23
278	23
279	13
280	16
281	18
282	23
283	25
284	20
285	22
286	14
287	16
288	19
289	26
290	26
291	20
292	22
293	18
294	19
295	19
296	19
297	19
298	25
299	19
300	15
301	15
302	19
303	18
304	12
305	16
306	12
307	15
308	10
309	23
310	14
311	15
312	14
313	12
314	9
315	18
316	13
317	22
318	14
319	15
320	8
321	9
322	15
323	12
324	15
325	6
326	8
327	13
328	10
329	11
330	9
331	12
332	10
333	12
334	16
335	9
336	6
337	14
338	8
339	12
340	14
341	12
342	9
343	15
344	6
345	12
346	9
347	9
348	9
349	9
350	8
351	13
352	11
353	17
354	5
355	11
356	8
357	5
358	4
359	7
360	9
361	11
362	4
363	5
364	5
365	12
366	3
367	5
368	9
369	9
370	8
371	8
372	11
373	12
374	12
375	11
376	10
377	8
378	3
379	9
380	7
381	7
382	5
383	9
384	8
385	8
386	4
387	5
388	6
389	5
390	7
391	7
392	9
393	6
394	6
395	8
396	2
397	10
398	6
399	7
400	7
401	4
402	2
403	11
404	8
405	7
406	6
407	7
408	5
409	6
410	4
411	4
412	12
413	5
414	6
415	4
416	4
417	4
418	7
419	10
420	8
421	5
422	4
423	5
424	4
425	5
426	7
427	4
428	3
429	5
430	3
431	4
432	5
433	5
434	7
435	5
436	4
437	1
438	6
439	1
440	2
441	5
442	6
443	2
444	2
445	8
446	6
448	2
449	1
450	5
451	4
452	4
453	6
454	7
455	4
456	3
457	3
458	6
459	1
460	4
461	4
462	3
463	4
464	2
465	7
466	4
467	5
468	5
469	4
470	4
471	5
472	4
473	2
474	3
475	3
476	4
477	1
478	1
479	1
480	5
481	4
482	4
483	2
484	1
485	6
486	1
487	4
488	2
489	4
490	4
491	2
492	2
493	2
494	3
495	2
496	1
497	2
498	2
499	6
500	2
501	4
502	3
503	2
504	2
505	7
506	1
507	2
509	1
510	3
511	1
512	6
513	2
514	2
515	3
516	5
517	1
518	6
519	2
520	1
521	3
522	2
523	5
524	1
525	2
526	5
527	6
528	2
529	2
531	1
533	2
534	2
535	1
536	4
537	5
538	1
539	4
540	2
541	2
542	2
543	2
544	1
545	2
547	2
548	1
549	1
550	1
551	4
552	5
553	2
554	1
555	1
556	1
557	1
558	8
559	4
560	1
561	4
562	2
564	5
565	2
566	2
567	2
568	4
569	2
572	1
573	1
574	2
575	2
577	1
578	1
579	1
580	2
581	1
582	1
584	1
585	4
589	1
591	1
592	3
593	1
594	2
596	1
597	4
598	2
599	1
604	3
605	3
606	1
607	1
608	2
609	1
612	3
613	1
616	1
617	1
619	2
621	2
622	3
624	1
625	1
626	2
633	1
634	1
636	1
642	2
643	2
646	2
648	1
650	1
651	1
652	1
653	2
655	1
658	1
659	1
661	2
663	1
664	1
665	2
671	1
672	1
675	1
677	1
679	1
680	2
681	1
683	1
685	1
686	1
687	2
693	1
694	1
695	3
698	1
699	1
700	1
701	1
706	1
707	1
709	1
714	1
716	2
717	1
719	2
720	2
722	1
726	1
729	1
732	1
735	3
736	1
745	2
746	1
748	1
754	1
755	1
760	1
767	1
774	1
775	1
780	1
781	1
782	2
788	1
798	1
802	1
810	1
811	1
819	1
820	1
824	1
831	1
833	1
836	1
838	1
839	1
841	1
843	1
870	1
873	1
879	1
892	1
902	1
904	1
906	1
912	1
942	1
943	1
949	1
973	1
981	1
984	1
985	1
986	1
1020	2
1044	1
1052	1
1059	1
1072	1
1136	1
1153	1
1192	1
1231	1
1376	1
1399	1
1425	1
1456	1
1492	1
