1	5069
2	2862
3	3041
4	2158
5	2232
6	1779
7	1638
8	1459
9	1389
10	1329
11	1308
12	1092
13	1111
14	1006
15	1001
16	946
17	962
18	890
19	835
20	735
21	735
22	653
23	643
24	634
25	590
26	573
27	598
28	554
29	597
30	536
31	524
32	488
33	458
34	462
35	440
36	417
37	398
38	402
39	396
40	360
41	387
42	356
43	360
44	334
45	303
46	325
47	332
48	310
49	299
50	283
51	295
52	256
53	273
54	267
55	279
56	260
57	278
58	243
59	289
60	242
61	234
62	244
63	239
64	228
65	212
66	243
67	239
68	236
69	204
70	217
71	202
72	221
73	218
74	193
75	203
76	177
77	217
78	196
79	178
80	180
81	205
82	151
83	177
84	197
85	185
86	176
87	163
88	129
89	174
90	176
91	174
92	151
93	139
94	186
95	155
96	163
97	143
98	166
99	133
100	155
101	165
102	133
103	137
104	132
105	139
106	139
107	121
108	126
109	123
110	151
111	123
112	121
113	124
114	123
115	132
116	137
117	130
118	117
119	101
120	110
121	114
122	130
123	119
124	122
125	111
126	120
127	108
128	113
129	96
130	96
131	133
132	118
133	118
134	92
135	112
136	100
137	99
138	103
139	87
140	95
141	109
142	86
143	81
144	89
145	98
146	84
147	97
148	109
149	97
150	89
151	81
152	81
153	96
154	77
155	78
156	68
157	83
158	83
159	83
160	90
161	73
162	75
163	75
164	72
165	73
166	70
167	63
168	60
169	50
170	57
171	76
172	74
173	69
174	57
175	54
176	52
177	58
178	58
179	58
180	56
181	64
182	62
183	67
184	55
185	53
186	66
187	57
188	63
189	55
190	68
191	67
192	61
193	56
194	42
195	55
196	54
197	35
198	63
199	41
200	43
201	41
202	48
203	52
204	36
205	50
206	51
207	46
208	33
209	44
210	42
211	43
212	50
213	38
214	47
215	46
216	38
217	43
218	40
219	42
220	38
221	38
222	35
223	37
224	34
225	34
226	40
227	33
228	30
229	43
230	34
231	30
232	31
233	40
234	29
235	34
236	36
237	39
238	25
239	33
240	28
241	25
242	35
243	29
244	30
245	28
246	24
247	27
248	30
249	23
250	22
251	27
252	29
253	34
254	29
255	21
256	23
257	28
258	20
259	19
260	25
261	25
262	20
263	14
264	24
265	19
266	25
267	23
268	18
269	20
270	20
271	27
272	19
273	21
274	17
275	15
276	16
277	20
278	20
279	18
280	21
281	26
282	14
283	15
284	20
285	22
286	16
287	16
288	22
289	14
290	15
291	20
292	11
293	15
294	15
295	27
296	15
297	13
298	14
299	17
300	13
301	13
302	13
303	9
304	10
305	11
306	16
307	15
308	11
309	15
310	17
311	18
312	7
313	10
314	13
315	13
316	18
317	8
318	16
319	14
320	14
321	11
322	16
323	12
324	12
325	14
326	14
327	14
328	13
329	7
330	11
331	14
332	12
333	13
334	13
335	11
336	6
337	12
338	12
339	10
340	15
341	10
342	12
343	4
344	8
345	16
346	12
347	9
348	13
349	10
350	16
351	6
352	12
353	11
354	5
355	7
356	16
357	7
358	12
359	6
360	8
361	8
362	7
363	9
364	8
365	9
366	9
367	6
368	16
369	9
370	14
371	7
372	9
373	6
374	13
375	8
376	10
377	7
378	5
379	7
380	7
381	8
382	4
383	8
384	8
385	8
386	8
387	3
388	3
389	5
390	6
391	3
392	11
393	8
394	10
395	5
396	4
397	6
398	3
399	7
400	10
401	2
402	6
403	8
404	8
405	3
406	10
407	2
408	10
409	7
410	8
412	3
413	2
414	9
415	9
416	7
417	7
418	5
419	10
420	5
421	4
422	5
423	5
424	4
425	4
426	5
427	3
428	6
429	5
430	6
431	3
432	4
433	5
434	3
435	2
436	5
437	6
438	6
439	5
440	2
441	3
442	3
443	3
444	2
445	4
446	4
447	3
448	3
449	1
450	1
451	5
452	6
453	5
454	5
455	2
456	3
457	3
458	5
459	4
460	8
461	2
462	5
463	6
464	2
465	8
466	2
467	2
469	6
470	3
471	5
472	2
473	6
474	2
475	6
476	4
477	4
478	2
479	2
480	3
481	6
482	3
483	3
484	4
485	5
486	7
487	1
488	5
489	4
490	1
491	1
492	1
493	3
494	3
495	3
496	2
497	3
498	2
499	2
500	1
501	4
502	4
503	2
505	1
506	2
508	2
509	2
510	1
511	1
512	1
513	1
514	3
515	1
516	5
518	2
520	4
521	3
522	2
523	5
525	5
526	1
527	3
528	2
529	1
530	2
531	1
532	2
534	6
535	2
536	2
537	4
538	3
539	3
540	1
541	2
543	2
544	1
545	1
546	2
547	1
548	2
550	1
551	1
552	1
554	2
555	3
557	2
558	1
560	3
561	3
562	1
563	2
564	2
565	1
566	1
567	3
568	3
569	3
571	1
572	1
573	1
575	3
576	2
577	1
580	2
582	1
583	2
584	1
585	1
586	4
587	2
589	4
592	1
593	2
594	1
595	2
596	3
597	1
601	1
602	1
603	2
608	1
609	2
610	1
612	1
614	1
615	1
617	1
618	2
619	1
625	3
628	1
629	2
630	1
631	2
632	2
633	2
634	1
635	3
636	1
641	1
643	1
645	1
647	1
649	2
651	1
652	2
654	3
656	1
659	1
660	1
661	1
662	1
666	1
667	1
671	1
672	1
673	3
674	1
677	1
678	1
681	1
685	1
690	1
694	1
695	1
696	1
697	1
698	1
701	1
704	1
706	1
711	1
712	1
713	1
714	1
715	1
717	1
718	1
719	1
722	1
725	1
728	1
729	1
731	1
733	1
734	1
735	1
739	1
743	2
749	1
750	1
752	1
759	1
767	1
769	1
775	1
779	1
781	1
787	1
788	1
789	1
791	1
794	1
797	1
800	1
801	1
804	1
810	1
820	2
821	1
822	1
826	1
841	1
854	1
860	1
862	1
889	1
890	1
892	1
895	1
899	1
900	1
908	1
914	1
927	1
943	1
954	1
958	1
976	1
989	1
991	2
1000	1
1006	1
1025	1
1056	1
1066	1
1067	1
1081	1
1145	1
1193	1
1377	1
1442	1
