1	4785
2	2563
3	2875
4	2222
5	2295
6	1839
7	1810
8	1497
9	1500
10	1335
11	1291
12	1157
13	1087
14	1024
15	1067
16	969
17	867
18	838
19	834
20	802
21	801
22	716
23	729
24	671
25	652
26	551
27	572
28	550
29	570
30	522
31	504
32	544
33	444
34	402
35	468
36	479
37	473
38	443
39	420
40	428
41	414
42	411
43	377
44	390
45	378
46	401
47	365
48	346
49	369
50	346
51	331
52	338
53	285
54	317
55	300
56	280
57	284
58	280
59	286
60	272
61	276
62	275
63	266
64	269
65	240
66	240
67	253
68	241
69	228
70	227
71	233
72	212
73	193
74	209
75	229
76	210
77	202
78	190
79	180
80	219
81	226
82	205
83	226
84	203
85	210
86	187
87	178
88	168
89	191
90	188
91	190
92	154
93	184
94	174
95	158
96	153
97	151
98	141
99	145
100	147
101	159
102	134
103	160
104	155
105	141
106	153
107	150
108	156
109	129
110	147
111	143
112	141
113	137
114	119
115	115
116	139
117	140
118	131
119	129
120	131
121	126
122	134
123	144
124	137
125	106
126	121
127	103
128	106
129	118
130	108
131	110
132	120
133	114
134	113
135	114
136	103
137	126
138	126
139	101
140	116
141	97
142	99
143	116
144	99
145	97
146	102
147	99
148	105
149	71
150	98
151	87
152	95
153	85
154	83
155	83
156	101
157	108
158	80
159	89
160	91
161	88
162	69
163	81
164	82
165	77
166	89
167	92
168	89
169	82
170	72
171	72
172	58
173	79
174	82
175	69
176	68
177	57
178	69
179	74
180	67
181	66
182	67
183	82
184	67
185	72
186	65
187	63
188	75
189	61
190	60
191	61
192	64
193	61
194	60
195	54
196	48
197	54
198	63
199	56
200	52
201	53
202	47
203	50
204	51
205	60
206	52
207	40
208	49
209	50
210	51
211	40
212	32
213	52
214	47
215	58
216	45
217	45
218	44
219	47
220	38
221	49
222	45
223	37
224	48
225	54
226	30
227	43
228	44
229	37
230	39
231	46
232	39
233	45
234	41
235	44
236	39
237	45
238	54
239	43
240	36
241	32
242	40
243	39
244	44
245	29
246	42
247	37
248	31
249	32
250	33
251	30
252	23
253	32
254	32
255	32
256	21
257	30
258	25
259	40
260	28
261	35
262	41
263	32
264	33
265	24
266	37
267	15
268	21
269	18
270	24
271	27
272	23
273	30
274	25
275	20
276	23
277	22
278	15
279	24
280	26
281	16
282	22
283	22
284	23
285	18
286	22
287	16
288	19
289	22
290	16
291	19
292	23
293	22
294	24
295	28
296	19
297	22
298	27
299	19
300	16
301	13
302	16
303	18
304	21
305	20
306	14
307	21
308	23
309	18
310	18
311	19
312	17
313	19
314	24
315	19
316	24
317	19
318	18
319	17
320	27
321	19
322	22
323	18
324	15
325	13
326	11
327	29
328	15
329	12
330	17
331	12
332	16
333	14
334	15
335	11
336	12
337	11
338	7
339	18
340	11
341	15
342	18
343	13
344	18
345	8
346	12
347	8
348	17
349	17
350	10
351	19
352	12
353	7
354	5
355	8
356	7
357	11
358	12
359	13
360	12
361	12
362	10
363	11
364	12
365	7
366	9
367	3
368	9
369	11
370	15
371	12
372	8
373	7
374	14
375	7
376	9
377	6
378	9
379	8
380	7
381	7
382	7
383	15
384	10
385	11
386	6
387	6
388	6
389	7
390	10
391	5
392	9
393	14
394	9
395	12
396	10
397	7
398	4
399	9
400	7
401	6
402	13
403	3
404	6
405	9
406	6
407	4
408	5
409	5
410	13
411	6
412	14
413	8
414	4
415	8
416	14
417	11
418	5
419	8
420	10
421	8
422	8
423	2
424	8
425	8
426	8
427	6
428	4
429	6
430	10
431	3
432	11
433	6
434	8
435	6
436	7
437	5
438	3
439	3
440	7
441	4
442	7
443	6
444	9
445	8
446	4
447	6
448	2
449	4
450	9
451	7
452	5
453	6
454	7
455	5
456	6
457	4
458	6
459	1
460	2
461	8
462	3
463	9
464	7
465	4
466	4
467	7
468	4
469	4
470	4
471	3
472	3
473	3
474	6
475	8
476	2
477	7
478	2
479	8
480	2
481	6
482	5
483	5
484	8
485	2
486	2
487	6
488	3
489	3
490	3
491	1
492	4
493	6
494	2
495	6
496	4
497	2
498	4
499	4
500	3
501	5
502	5
503	6
504	3
505	6
506	1
507	4
508	1
509	2
510	4
511	1
512	7
513	7
514	2
515	3
516	3
517	2
518	4
519	4
520	5
521	6
522	1
523	2
524	3
525	6
526	4
527	6
528	3
529	4
530	4
531	4
532	5
533	3
534	1
535	3
536	4
537	2
538	4
539	2
540	3
541	1
542	3
543	4
544	3
545	2
546	1
547	1
548	3
549	1
550	2
552	3
553	1
555	1
556	1
557	1
558	1
559	4
560	3
561	2
562	3
564	1
565	1
566	2
567	3
568	1
569	2
571	2
572	6
574	3
575	3
576	3
577	3
578	1
579	1
580	2
582	2
583	4
584	2
585	2
586	1
587	3
588	3
589	2
590	1
591	2
592	2
593	3
594	4
597	3
598	1
599	1
600	3
601	3
602	2
603	6
604	3
605	3
606	2
607	4
608	1
609	4
612	3
613	3
614	2
615	1
616	2
617	4
621	1
623	2
624	2
625	2
626	1
627	2
628	2
629	2
631	1
633	1
634	1
635	1
636	1
639	3
640	4
641	2
642	2
644	2
645	5
649	1
650	2
651	1
652	2
653	2
654	2
656	2
657	3
658	3
660	1
662	2
663	3
664	2
665	1
666	2
668	3
669	2
670	1
671	5
672	1
674	1
675	1
676	3
677	3
679	2
681	4
685	1
686	1
687	1
688	1
689	1
690	3
691	2
694	1
695	1
698	3
699	1
700	1
701	3
703	1
704	1
707	2
708	1
709	2
710	1
711	2
717	1
718	1
719	1
720	1
723	1
724	1
725	1
726	1
727	2
729	1
731	1
732	1
734	1
735	1
737	2
738	1
740	1
741	1
742	2
743	2
744	1
747	2
748	1
749	1
750	3
753	1
757	2
760	2
761	1
762	1
764	1
767	1
768	3
771	1
774	1
777	1
781	1
784	1
785	2
787	1
789	1
791	2
794	2
797	3
798	1
800	1
802	1
805	2
807	2
809	1
813	1
814	2
815	1
816	2
820	1
821	1
823	1
824	1
827	1
828	2
830	4
841	1
843	2
846	2
863	2
864	2
866	1
868	1
873	1
875	1
876	2
881	1
882	1
887	1
893	1
894	1
895	2
896	2
899	1
903	1
915	1
917	1
922	1
924	2
927	1
938	1
939	1
943	2
945	2
946	2
950	1
951	1
953	1
954	1
957	1
960	1
961	1
968	1
975	1
979	1
993	1
997	1
1000	1
1003	1
1011	1
1015	1
1018	1
1031	1
1034	2
1038	1
1046	2
1051	1
1093	1
1125	1
1160	2
1164	1
1166	1
1172	1
1177	1
1202	1
1256	1
1303	1
1306	1
1344	1
1359	1
1384	1
1517	1
1891	1
1970	1
