1	4654
2	2045
3	2697
4	1909
5	2393
6	1861
7	2011
8	1374
9	1577
10	967
11	1175
12	917
13	960
14	856
15	898
16	799
17	889
18	832
19	884
20	811
21	835
22	809
23	713
24	617
25	657
26	660
27	696
28	680
29	615
30	620
31	623
32	605
33	606
34	587
35	520
36	505
37	517
38	469
39	501
40	427
41	494
42	392
43	450
44	423
45	479
46	400
47	398
48	375
49	404
50	394
51	404
52	327
53	329
54	331
55	333
56	291
57	334
58	287
59	302
60	281
61	285
62	258
63	275
64	289
65	259
66	254
67	254
68	238
69	225
70	216
71	252
72	219
73	238
74	232
75	244
76	202
77	203
78	201
79	200
80	207
81	219
82	202
83	188
84	232
85	178
86	220
87	207
88	181
89	197
90	192
91	198
92	195
93	183
94	200
95	193
96	190
97	197
98	160
99	183
100	175
101	181
102	195
103	176
104	199
105	177
106	183
107	168
108	184
109	160
110	158
111	159
112	172
113	155
114	166
115	170
116	156
117	159
118	148
119	130
120	151
121	160
122	165
123	136
124	142
125	141
126	149
127	141
128	146
129	149
130	129
131	129
132	146
133	131
134	160
135	126
136	124
137	140
138	143
139	132
140	126
141	116
142	117
143	110
144	131
145	139
146	149
147	106
148	135
149	112
150	124
151	125
152	113
153	110
154	111
155	117
156	109
157	110
158	105
159	94
160	84
161	116
162	111
163	105
164	96
165	109
166	97
167	106
168	104
169	94
170	98
171	99
172	89
173	94
174	86
175	92
176	102
177	81
178	83
179	93
180	99
181	98
182	92
183	91
184	96
185	99
186	89
187	83
188	69
189	80
190	83
191	70
192	73
193	84
194	84
195	73
196	84
197	81
198	77
199	74
200	64
201	62
202	70
203	59
204	79
205	63
206	58
207	85
208	59
209	56
210	60
211	44
212	66
213	57
214	59
215	56
216	61
217	56
218	74
219	62
220	50
221	64
222	56
223	58
224	65
225	46
226	47
227	52
228	58
229	55
230	53
231	46
232	52
233	73
234	51
235	52
236	58
237	43
238	44
239	50
240	49
241	41
242	38
243	57
244	54
245	52
246	59
247	48
248	55
249	49
250	56
251	43
252	41
253	41
254	38
255	52
256	43
257	46
258	33
259	39
260	46
261	49
262	38
263	44
264	39
265	30
266	44
267	30
268	48
269	44
270	42
271	34
272	54
273	41
274	40
275	44
276	27
277	34
278	39
279	42
280	40
281	38
282	31
283	27
284	46
285	36
286	28
287	36
288	28
289	35
290	34
291	30
292	35
293	29
294	36
295	42
296	40
297	32
298	34
299	26
300	33
301	25
302	27
303	36
304	35
305	29
306	35
307	29
308	38
309	21
310	31
311	39
312	36
313	45
314	31
315	27
316	35
317	24
318	29
319	26
320	29
321	22
322	28
323	33
324	37
325	36
326	27
327	22
328	25
329	28
330	25
331	28
332	37
333	31
334	22
335	25
336	27
337	33
338	23
339	27
340	21
341	20
342	20
343	21
344	20
345	36
346	29
347	20
348	16
349	31
350	18
351	20
352	23
353	24
354	27
355	17
356	25
357	22
358	17
359	20
360	25
361	14
362	29
363	26
364	13
365	24
366	20
367	24
368	14
369	23
370	19
371	26
372	22
373	25
374	15
375	23
376	27
377	22
378	23
379	18
380	21
381	18
382	30
383	15
384	20
385	17
386	18
387	13
388	18
389	16
390	25
391	24
392	10
393	25
394	21
395	13
396	12
397	16
398	20
399	21
400	15
401	21
402	25
403	19
404	18
405	20
406	24
407	17
408	20
409	10
410	18
411	18
412	18
413	13
414	20
415	11
416	15
417	16
418	18
419	15
420	27
421	11
422	18
423	19
424	13
425	11
426	20
427	24
428	20
429	21
430	18
431	11
432	14
433	9
434	15
435	19
436	8
437	20
438	12
439	10
440	10
441	19
442	21
443	18
444	13
445	17
446	15
447	20
448	15
449	11
450	20
451	8
452	9
453	15
454	11
455	12
456	14
457	16
458	10
459	20
460	17
461	15
462	9
463	4
464	12
465	12
466	11
467	8
468	18
469	19
470	12
471	9
472	11
473	8
474	19
475	13
476	8
477	17
478	15
479	12
480	13
481	15
482	13
483	15
484	14
485	6
486	16
487	11
488	7
489	12
490	11
491	13
492	8
493	11
494	8
495	11
496	7
497	8
498	10
499	10
500	10
501	9
502	15
503	11
504	17
505	15
506	11
507	9
508	11
509	9
510	15
511	11
512	7
513	18
514	13
515	11
516	10
517	11
518	12
519	9
520	17
521	8
522	13
523	10
524	9
525	11
526	5
527	12
528	11
529	6
530	11
531	8
532	13
533	18
534	6
535	14
536	11
537	8
538	14
539	9
540	9
541	17
542	4
543	5
544	10
545	13
546	13
547	10
548	10
549	15
550	9
551	7
552	12
553	9
554	10
555	11
556	12
557	14
558	11
559	12
560	12
561	4
562	11
563	14
564	6
565	6
566	4
567	11
568	8
569	6
570	6
571	9
572	13
573	9
574	7
575	11
576	5
577	16
578	8
579	5
580	8
581	6
582	6
583	8
584	3
585	6
586	4
587	8
588	6
589	7
590	5
591	7
592	8
593	5
594	7
595	8
596	12
597	9
598	7
599	12
600	8
601	11
602	15
603	5
604	6
605	9
606	7
607	5
608	9
609	10
610	9
611	5
612	11
613	7
614	8
615	12
616	10
617	7
618	9
619	8
620	7
621	6
622	6
623	11
624	5
625	15
626	6
627	7
628	3
629	6
630	10
631	8
632	5
633	3
634	7
635	6
636	2
637	9
638	3
639	10
640	9
641	4
642	7
643	7
644	3
645	5
646	8
647	8
648	5
649	8
650	5
651	8
652	3
653	9
654	6
655	8
656	2
657	10
658	8
659	5
660	8
661	10
662	6
663	10
664	7
665	3
666	4
667	5
668	4
669	5
670	7
671	7
672	10
673	6
674	8
675	7
676	8
677	5
678	4
679	1
680	6
681	5
682	7
683	3
684	3
685	6
686	4
687	4
688	4
689	1
690	5
691	7
692	7
693	5
694	7
695	7
696	7
697	4
698	4
699	12
700	6
701	4
702	8
703	3
704	6
705	5
706	6
707	6
708	6
709	7
710	10
711	4
712	6
713	5
714	4
715	8
716	1
717	7
718	5
719	2
720	2
721	7
722	3
723	8
724	8
725	5
726	3
727	2
728	6
729	2
730	7
731	5
732	10
733	7
734	9
735	8
736	4
737	2
738	4
739	9
740	2
741	5
742	1
743	8
744	2
745	7
746	4
747	6
748	2
749	4
750	2
751	4
752	6
753	9
754	3
755	5
756	3
757	5
758	6
759	6
760	5
761	5
762	6
763	2
764	2
766	5
767	3
768	1
769	3
770	5
771	6
772	3
773	7
774	5
775	2
776	6
777	2
778	5
779	5
780	3
781	5
782	2
783	6
784	7
785	2
786	4
787	10
788	3
789	5
790	2
791	2
792	2
793	6
794	5
795	2
796	6
797	2
798	6
799	4
800	9
801	4
802	3
803	4
804	3
805	1
806	4
807	2
808	4
809	2
810	1
811	5
812	3
813	4
814	3
815	6
816	6
817	1
818	3
819	4
820	4
821	4
822	3
823	2
824	5
825	2
826	3
827	4
828	5
829	1
830	3
831	4
832	2
833	4
834	7
836	2
837	4
838	6
839	3
840	3
841	2
842	4
844	2
845	4
846	6
847	2
848	2
849	4
850	4
851	3
853	4
854	3
855	3
856	5
857	3
858	3
859	4
860	5
861	2
862	2
863	1
864	6
865	1
866	1
867	4
868	4
869	3
870	2
871	5
872	2
873	5
874	2
875	1
876	2
877	2
878	3
879	4
880	5
881	4
882	1
883	3
885	2
887	2
888	3
889	2
890	2
891	5
892	3
893	1
894	5
895	1
896	2
897	5
898	3
900	2
901	1
902	1
903	2
904	5
905	2
906	2
907	2
908	2
909	4
910	3
911	4
912	3
913	3
914	3
915	1
916	2
917	1
918	6
919	2
920	4
921	3
922	3
923	3
924	3
925	4
926	2
927	2
928	1
929	1
930	1
931	3
932	2
933	4
934	5
935	4
936	2
937	2
938	1
939	4
940	6
941	5
942	1
943	4
944	2
945	4
946	2
947	1
948	2
949	6
950	1
952	3
954	3
955	2
956	1
957	3
958	3
959	4
960	1
961	2
962	2
963	1
964	1
965	3
966	2
968	3
969	1
970	2
971	5
972	1
973	3
974	3
975	2
976	1
977	3
978	1
979	3
980	6
981	1
982	4
985	2
986	1
987	3
988	1
989	4
991	1
992	2
993	2
994	1
995	1
996	1
998	4
999	1
1000	3
1001	1
1003	3
1004	3
1006	1
1007	2
1008	2
1009	3
1010	3
1014	2
1016	4
1018	3
1019	4
1021	1
1022	2
1024	5
1025	1
1026	1
1027	2
1029	4
1030	1
1031	2
1032	2
1034	1
1035	5
1037	2
1038	2
1039	4
1041	4
1042	1
1043	5
1045	1
1047	2
1048	3
1049	1
1050	2
1051	1
1052	2
1053	3
1054	2
1055	1
1056	1
1057	1
1058	2
1059	2
1060	2
1061	2
1062	2
1063	1
1064	5
1065	3
1066	4
1067	1
1069	1
1070	1
1071	1
1072	1
1073	4
1074	1
1075	1
1077	1
1078	2
1080	1
1081	1
1082	2
1083	2
1084	1
1086	1
1087	3
1088	2
1089	4
1090	1
1093	3
1094	2
1096	3
1098	2
1099	2
1100	1
1101	3
1102	1
1103	2
1104	3
1105	2
1106	3
1108	3
1109	1
1110	1
1111	1
1112	1
1113	2
1114	1
1115	3
1116	2
1117	2
1118	1
1120	3
1121	1
1122	1
1123	5
1124	1
1126	1
1128	1
1132	2
1133	1
1134	1
1135	1
1138	2
1139	2
1140	2
1141	2
1142	2
1146	1
1147	1
1148	2
1149	1
1150	3
1151	2
1152	2
1153	2
1154	2
1155	1
1156	1
1158	1
1159	1
1162	2
1164	1
1165	1
1166	1
1169	2
1170	1
1172	1
1173	1
1175	3
1176	1
1179	1
1183	1
1185	5
1186	1
1190	1
1192	1
1194	1
1195	2
1199	1
1200	1
1202	1
1205	1
1207	1
1209	2
1210	1
1212	1
1215	1
1216	1
1217	1
1218	2
1219	1
1222	2
1223	1
1226	3
1230	1
1233	1
1235	1
1236	1
1238	2
1239	1
1240	1
1241	1
1242	2
1243	1
1244	1
1246	1
1247	2
1250	1
1253	1
1254	1
1256	1
1258	1
1259	1
1260	1
1262	1
1264	3
1268	2
1269	3
1271	1
1272	1
1274	2
1275	1
1280	1
1281	2
1283	4
1286	1
1287	1
1290	1
1294	1
1296	1
1297	1
1299	1
1300	1
1302	1
1304	1
1306	2
1307	1
1308	2
1309	1
1312	2
1314	1
1318	1
1319	1
1320	1
1323	3
1325	1
1329	2
1333	1
1334	3
1335	4
1338	1
1340	1
1345	1
1347	1
1348	1
1349	1
1352	1
1354	1
1355	2
1360	2
1368	1
1370	1
1373	1
1374	2
1378	1
1379	2
1381	1
1383	1
1384	1
1386	1
1387	1
1388	1
1399	1
1402	1
1403	1
1412	1
1418	1
1420	3
1422	1
1423	1
1431	1
1432	1
1433	1
1434	1
1435	1
1438	2
1441	1
1442	1
1444	1
1449	2
1453	1
1461	3
1465	1
1469	1
1471	1
1475	2
1478	1
1480	2
1481	1
1483	2
1490	2
1494	1
1495	1
1501	2
1504	1
1506	1
1515	1
1524	1
1525	1
1526	1
1527	1
1539	1
1545	1
1547	1
1548	1
1553	1
1558	1
1560	1
1562	1
1569	1
1572	1
1576	1
1586	2
1589	2
1591	1
1597	1
1601	1
1608	1
1612	1
1614	1
1618	1
1627	1
1634	1
1638	1
1640	1
1642	1
1650	1
1652	1
1657	1
1663	2
1668	1
1673	1
1703	1
1708	1
1710	1
1713	1
1738	1
1741	1
1751	1
1752	1
1765	1
1783	1
1788	1
1793	2
1810	1
1838	1
1848	1
1854	1
1881	1
1888	1
1894	1
1899	1
1901	1
1936	1
1938	1
1953	1
1985	1
1993	1
1994	1
2004	1
2070	1
2177	1
2225	1
2707	1
3042	1
