1	5430
2	2292
3	2938
4	2031
5	2557
6	1917
7	2061
8	1532
9	1585
10	1132
11	1224
12	781
13	834
14	933
15	834
16	867
17	994
18	907
19	985
20	964
21	883
22	928
23	816
24	713
25	800
26	830
27	760
28	723
29	660
30	733
31	590
32	688
33	599
34	624
35	636
36	589
37	571
38	650
39	653
40	588
41	579
42	579
43	497
44	441
45	437
46	331
47	371
48	410
49	394
50	394
51	370
52	364
53	354
54	384
55	289
56	280
57	269
58	231
59	249
60	261
61	222
62	215
63	243
64	209
65	224
66	238
67	211
68	197
69	251
70	209
71	175
72	180
73	178
74	193
75	150
76	166
77	159
78	192
79	170
80	175
81	149
82	183
83	166
84	162
85	136
86	142
87	154
88	163
89	171
90	162
91	190
92	185
93	173
94	174
95	162
96	175
97	161
98	164
99	149
100	159
101	148
102	142
103	123
104	143
105	143
106	137
107	120
108	133
109	167
110	147
111	127
112	150
113	147
114	137
115	152
116	138
117	120
118	109
119	150
120	128
121	115
122	111
123	137
124	129
125	121
126	119
127	109
128	127
129	131
130	116
131	110
132	98
133	108
134	117
135	118
136	89
137	145
138	111
139	121
140	105
141	113
142	109
143	112
144	117
145	112
146	111
147	127
148	99
149	104
150	99
151	129
152	98
153	103
154	80
155	114
156	97
157	107
158	115
159	108
160	96
161	77
162	79
163	86
164	85
165	96
166	88
167	85
168	79
169	81
170	70
171	60
172	64
173	69
174	60
175	76
176	71
177	69
178	67
179	55
180	64
181	69
182	67
183	61
184	70
185	61
186	66
187	65
188	74
189	51
190	48
191	74
192	55
193	68
194	63
195	52
196	61
197	67
198	51
199	51
200	42
201	57
202	48
203	52
204	60
205	47
206	38
207	66
208	41
209	46
210	52
211	63
212	62
213	49
214	58
215	56
216	38
217	49
218	40
219	37
220	36
221	38
222	49
223	44
224	36
225	35
226	41
227	44
228	38
229	41
230	38
231	34
232	44
233	38
234	26
235	44
236	38
237	30
238	38
239	48
240	33
241	24
242	36
243	31
244	29
245	29
246	34
247	27
248	26
249	34
250	32
251	32
252	25
253	29
254	25
255	39
256	36
257	38
258	38
259	28
260	33
261	33
262	20
263	24
264	28
265	36
266	29
267	30
268	32
269	23
270	27
271	29
272	30
273	35
274	27
275	31
276	21
277	24
278	28
279	24
280	37
281	28
282	20
283	24
284	27
285	24
286	20
287	19
288	27
289	26
290	24
291	23
292	24
293	18
294	30
295	24
296	22
297	27
298	26
299	25
300	23
301	17
302	26
303	25
304	20
305	23
306	18
307	19
308	16
309	26
310	23
311	24
312	21
313	23
314	15
315	25
316	13
317	19
318	13
319	17
320	15
321	25
322	27
323	24
324	16
325	20
326	16
327	21
328	19
329	13
330	18
331	22
332	21
333	14
334	21
335	24
336	18
337	24
338	18
339	19
340	20
341	18
342	22
343	18
344	15
345	19
346	19
347	15
348	14
349	18
350	18
351	17
352	18
353	17
354	15
355	13
356	11
357	25
358	16
359	8
360	17
361	24
362	12
363	20
364	18
365	7
366	23
367	17
368	22
369	16
370	12
371	15
372	10
373	15
374	30
375	25
376	15
377	17
378	18
379	20
380	17
381	18
382	20
383	14
384	16
385	12
386	22
387	15
388	20
389	18
390	15
391	9
392	14
393	9
394	21
395	12
396	11
397	12
398	15
399	12
400	12
401	16
402	9
403	22
404	20
405	17
406	13
407	18
408	10
409	15
410	12
411	16
412	17
413	13
414	13
415	22
416	20
417	19
418	9
419	22
420	9
421	14
422	11
423	10
424	14
425	15
426	15
427	16
428	17
429	17
430	14
431	14
432	11
433	10
434	10
435	17
436	15
437	14
438	12
439	18
440	9
441	17
442	8
443	16
444	15
445	13
446	6
447	12
448	6
449	12
450	13
451	14
452	8
453	21
454	10
455	23
456	12
457	12
458	7
459	10
460	15
461	18
462	5
463	16
464	6
465	12
466	9
467	15
468	6
469	19
470	14
471	19
472	8
473	10
474	11
475	12
476	11
477	11
478	10
479	16
480	6
481	10
482	6
483	11
484	16
485	11
486	12
487	5
488	10
489	11
490	17
491	10
492	5
493	8
494	11
495	7
496	12
497	11
498	8
499	15
500	9
501	8
502	7
503	8
504	12
505	9
506	11
507	13
508	6
509	10
510	7
511	13
512	10
513	11
514	11
515	14
516	8
517	9
518	6
519	15
520	15
521	9
522	12
523	8
524	14
525	12
526	10
527	14
528	13
529	8
530	3
531	10
532	14
533	10
534	10
535	9
536	8
537	10
538	12
539	7
540	8
541	8
542	9
543	6
544	8
545	14
546	8
547	8
548	6
549	8
550	8
551	11
552	9
553	4
554	10
555	7
556	6
557	14
558	11
559	5
560	7
561	8
562	10
563	7
564	6
565	10
566	5
567	8
568	8
569	8
570	9
571	14
572	11
573	10
574	5
575	13
576	9
577	9
578	8
579	11
580	11
581	10
582	10
583	6
584	8
585	12
586	10
587	11
588	7
589	11
590	8
591	6
592	10
593	15
594	9
595	10
596	6
597	7
598	8
599	15
600	12
601	11
602	6
603	13
604	7
605	6
606	11
607	10
608	8
609	6
610	6
611	12
612	11
613	10
614	7
615	9
616	7
617	13
618	6
619	4
620	7
621	11
622	6
623	8
624	7
625	3
626	3
627	10
628	6
629	7
630	13
631	11
632	7
633	16
634	9
635	8
636	9
637	7
638	3
639	4
640	10
641	7
642	7
643	12
644	12
645	9
646	7
647	5
648	7
649	7
650	10
651	6
652	8
653	9
654	2
655	9
656	8
657	9
658	13
659	5
660	10
661	5
662	6
663	13
664	12
665	6
666	8
667	6
668	7
669	12
670	5
671	4
672	12
673	12
674	5
675	8
676	6
677	8
678	7
679	7
680	8
681	3
682	6
683	2
684	9
685	5
686	10
687	9
688	9
689	9
690	11
691	1
692	4
693	10
694	4
695	5
696	10
697	8
698	10
699	10
700	10
701	7
702	11
703	8
704	5
705	11
706	9
707	6
708	5
709	7
710	9
711	8
712	5
713	12
714	9
715	8
716	3
717	4
718	12
719	9
720	9
721	5
722	2
723	9
724	8
725	5
726	11
727	7
728	9
729	8
730	6
731	9
732	2
733	12
734	7
735	9
736	3
737	8
738	8
739	7
740	5
741	4
742	4
743	5
744	2
745	7
746	9
747	6
748	7
749	10
750	7
751	9
752	5
753	10
754	8
755	2
756	6
757	5
758	8
759	8
760	4
761	4
762	5
763	8
764	15
765	3
766	6
767	5
768	5
769	4
770	3
771	7
772	6
773	7
774	2
775	7
776	10
777	8
778	6
779	6
780	8
781	6
782	6
783	9
784	7
785	7
786	9
787	7
788	8
789	9
790	5
791	4
792	5
793	8
794	6
795	2
796	8
797	4
798	4
799	6
800	6
801	6
802	3
803	6
804	10
805	6
806	6
807	7
808	4
809	7
810	3
811	7
812	10
813	8
814	3
815	9
816	5
817	8
818	6
819	5
820	5
821	8
822	11
823	7
824	7
825	6
826	10
827	8
828	7
829	4
830	6
831	9
832	7
833	10
834	9
835	7
836	6
837	6
838	6
839	7
840	6
841	10
842	8
843	6
844	5
845	4
846	3
847	4
848	4
849	7
850	9
851	6
852	8
853	1
854	8
855	4
856	4
857	6
858	7
859	7
860	2
861	5
862	8
863	4
864	9
865	2
866	1
867	5
868	4
869	2
870	11
871	11
872	8
873	7
874	5
875	5
876	9
877	6
878	6
879	2
880	4
881	8
882	4
883	5
884	5
885	11
886	9
887	1
888	9
889	2
890	2
891	6
892	3
893	5
894	6
895	6
896	6
897	6
898	4
899	7
900	4
901	3
902	4
903	8
904	2
905	3
906	3
907	6
908	7
909	6
910	5
911	3
912	8
913	5
914	4
915	8
916	2
917	4
918	6
919	8
920	5
921	6
922	3
923	6
924	8
925	3
926	8
927	2
928	7
929	3
930	4
931	5
932	4
933	1
934	13
935	8
936	4
937	7
938	6
939	6
940	6
941	3
942	1
943	5
944	4
945	6
946	8
947	6
948	3
949	3
950	8
951	3
952	5
953	7
954	5
955	7
956	4
957	6
958	3
959	6
960	1
961	6
963	6
964	1
965	5
966	4
967	3
968	6
969	3
970	6
971	4
972	6
973	4
974	5
975	4
976	4
977	5
978	1
979	4
980	5
981	4
982	5
983	3
984	4
985	6
986	6
987	2
988	3
989	5
990	5
991	3
992	6
993	4
994	3
995	10
996	7
997	3
998	4
999	8
1000	2
1001	5
1002	5
1003	3
1004	6
1005	3
1006	5
1007	3
1008	3
1009	6
1010	3
1011	6
1012	2
1013	5
1014	2
1015	4
1016	3
1017	4
1018	6
1019	4
1020	6
1021	3
1022	4
1023	7
1024	2
1025	2
1026	5
1027	4
1028	3
1029	2
1031	2
1032	2
1033	5
1034	3
1035	4
1036	2
1037	2
1038	5
1039	4
1040	8
1041	6
1042	10
1043	4
1044	3
1045	4
1046	3
1047	2
1048	6
1049	4
1050	5
1051	3
1052	6
1053	9
1054	4
1055	6
1056	6
1057	5
1058	5
1060	4
1061	8
1062	9
1063	2
1064	3
1065	6
1066	3
1067	7
1068	2
1069	1
1071	8
1072	2
1073	6
1074	5
1076	2
1077	1
1079	2
1080	3
1081	4
1082	5
1083	3
1084	4
1085	4
1086	5
1087	6
1088	3
1089	1
1090	10
1091	5
1092	5
1093	5
1094	5
1095	4
1096	3
1097	1
1098	1
1099	2
1100	4
1101	5
1102	5
1103	5
1104	2
1105	2
1106	5
1107	3
1108	4
1109	1
1110	2
1111	3
1112	3
1113	4
1114	7
1115	5
1116	4
1117	3
1118	1
1119	5
1120	5
1121	2
1122	5
1123	4
1124	5
1125	8
1126	4
1127	4
1128	6
1129	5
1130	3
1131	6
1132	2
1133	1
1134	5
1135	1
1136	5
1137	3
1138	5
1139	3
1140	5
1141	1
1142	4
1143	4
1144	3
1145	2
1146	9
1147	4
1148	5
1149	2
1150	1
1151	2
1152	5
1153	1
1154	2
1155	3
1156	2
1157	4
1158	2
1159	8
1160	6
1161	6
1162	6
1163	3
1164	4
1165	6
1166	4
1167	2
1168	2
1169	3
1170	1
1171	2
1172	4
1173	4
1175	5
1176	3
1177	5
1178	5
1179	5
1180	2
1181	4
1182	6
1183	2
1184	2
1185	5
1186	2
1187	6
1188	3
1189	3
1190	8
1191	5
1192	5
1193	3
1194	2
1195	2
1196	4
1197	4
1198	3
1199	2
1200	6
1201	4
1202	4
1203	2
1204	5
1205	3
1206	4
1207	5
1208	3
1209	7
1210	7
1211	2
1212	5
1213	6
1214	3
1215	4
1216	5
1217	3
1218	6
1219	7
1220	4
1221	4
1222	6
1223	7
1224	1
1225	6
1226	2
1227	8
1228	2
1229	4
1230	2
1232	2
1233	2
1234	2
1235	5
1236	3
1237	2
1238	4
1239	5
1240	2
1241	3
1242	2
1243	4
1244	4
1245	2
1246	3
1247	2
1248	2
1249	4
1250	3
1251	4
1252	3
1253	3
1255	2
1256	4
1257	1
1258	6
1259	3
1260	1
1261	7
1262	2
1263	2
1264	5
1265	6
1266	3
1267	1
1268	2
1269	3
1270	5
1271	2
1272	2
1273	4
1274	3
1275	3
1276	3
1277	1
1278	2
1279	1
1280	1
1281	2
1282	3
1283	4
1284	5
1285	1
1286	6
1287	4
1288	1
1289	3
1290	1
1291	2
1292	2
1293	5
1294	2
1295	3
1296	3
1297	1
1298	2
1300	7
1301	3
1302	5
1303	2
1304	3
1306	3
1307	3
1308	2
1309	2
1310	4
1311	3
1312	2
1313	2
1314	2
1315	2
1316	6
1317	3
1318	1
1319	3
1320	3
1321	4
1322	2
1323	1
1324	5
1325	4
1326	2
1327	2
1328	8
1329	5
1330	2
1331	5
1332	4
1333	3
1334	1
1335	6
1336	4
1337	4
1339	3
1340	2
1341	2
1342	3
1344	2
1345	4
1346	4
1347	2
1348	1
1349	3
1350	6
1351	2
1352	3
1353	3
1354	4
1355	3
1356	4
1358	3
1359	5
1360	2
1361	5
1362	4
1363	1
1364	1
1365	1
1366	1
1368	6
1369	2
1370	3
1371	2
1372	3
1373	7
1374	2
1375	5
1376	1
1377	4
1378	2
1379	4
1380	5
1381	4
1382	3
1383	1
1384	5
1385	4
1386	2
1387	2
1388	5
1389	4
1390	1
1391	2
1392	1
1393	2
1394	3
1395	3
1396	3
1398	6
1399	4
1401	2
1402	6
1403	3
1405	1
1406	8
1407	2
1408	3
1409	2
1410	2
1411	5
1412	6
1414	1
1415	6
1416	3
1417	1
1418	4
1419	5
1420	2
1421	1
1422	1
1423	1
1424	3
1425	3
1427	3
1428	2
1429	1
1430	2
1431	1
1432	7
1433	2
1434	1
1435	3
1436	2
1437	5
1438	4
1439	1
1440	1
1441	2
1442	1
1443	4
1444	3
1445	1
1446	1
1447	2
1448	1
1449	1
1450	1
1451	4
1452	5
1453	4
1454	4
1455	1
1456	2
1457	2
1458	2
1460	3
1461	2
1462	1
1463	2
1464	2
1465	4
1466	4
1467	4
1468	2
1470	1
1471	6
1472	8
1473	1
1474	4
1475	1
1476	3
1477	6
1478	1
1480	3
1481	1
1482	4
1483	2
1484	3
1485	3
1487	2
1488	2
1489	2
1490	3
1491	1
1492	3
1493	2
1494	3
1495	2
1496	1
1497	3
1498	1
1499	1
1500	3
1501	4
1502	3
1503	1
1504	1
1505	4
1506	4
1507	2
1508	1
1509	1
1510	5
1511	3
1513	2
1514	1
1515	2
1516	6
1517	2
1518	6
1519	3
1520	4
1521	3
1522	2
1523	7
1524	3
1525	2
1526	3
1527	3
1528	4
1529	5
1530	4
1531	3
1532	3
1533	1
1534	5
1535	1
1536	2
1537	2
1538	7
1539	1
1540	2
1541	4
1542	5
1543	2
1544	1
1545	4
1546	1
1548	3
1549	1
1550	2
1551	2
1552	2
1553	4
1554	2
1555	7
1556	3
1557	2
1559	2
1560	1
1561	2
1562	4
1563	6
1564	1
1565	3
1566	2
1567	1
1568	2
1569	6
1571	3
1572	1
1573	2
1575	1
1576	4
1577	2
1578	3
1579	1
1580	2
1581	1
1582	2
1584	3
1586	2
1587	2
1588	3
1589	1
1590	2
1591	2
1592	1
1593	2
1594	3
1595	2
1596	1
1598	4
1599	1
1600	4
1602	4
1603	1
1604	2
1605	2
1606	1
1607	3
1608	2
1609	1
1610	4
1611	4
1613	4
1614	3
1615	2
1616	6
1617	5
1619	2
1620	3
1621	3
1622	3
1624	3
1625	3
1626	1
1627	1
1628	2
1629	2
1632	3
1633	2
1634	2
1635	2
1636	3
1637	3
1638	4
1639	2
1641	1
1642	2
1643	2
1644	1
1645	2
1646	5
1647	3
1648	1
1649	1
1651	2
1652	2
1655	1
1658	3
1659	3
1661	2
1662	2
1663	1
1664	1
1665	2
1666	1
1668	4
1669	3
1670	1
1671	4
1672	2
1673	2
1674	1
1677	2
1679	2
1680	2
1681	1
1682	3
1684	1
1685	4
1686	4
1687	1
1688	4
1689	3
1690	1
1691	1
1692	3
1693	4
1694	2
1696	3
1697	2
1699	3
1700	3
1701	1
1702	1
1703	2
1704	1
1705	4
1706	2
1708	5
1709	4
1710	3
1711	1
1712	6
1713	3
1714	3
1715	3
1716	4
1719	2
1720	3
1721	2
1723	2
1724	2
1725	4
1728	3
1729	1
1730	2
1731	4
1732	2
1733	1
1734	2
1735	2
1736	2
1737	2
1738	4
1739	1
1740	1
1741	4
1742	2
1743	1
1744	1
1745	1
1748	3
1749	1
1750	1
1751	3
1752	3
1753	1
1754	3
1756	1
1757	2
1758	2
1759	2
1760	1
1761	1
1763	3
1764	2
1766	3
1767	3
1768	1
1769	2
1770	1
1772	1
1773	2
1774	4
1775	1
1776	4
1777	1
1778	2
1779	1
1780	1
1781	1
1782	1
1783	2
1784	5
1785	2
1786	2
1788	1
1789	3
1790	2
1791	1
1792	3
1794	3
1795	3
1796	3
1797	4
1798	2
1799	1
1801	3
1802	1
1803	2
1804	1
1805	1
1806	4
1807	2
1808	2
1809	3
1810	2
1811	4
1812	2
1814	1
1815	1
1816	2
1820	4
1822	3
1823	1
1824	3
1825	2
1826	1
1827	1
1828	1
1829	3
1830	1
1831	1
1832	4
1833	1
1834	3
1836	2
1837	2
1838	3
1839	3
1840	2
1841	2
1842	1
1843	1
1844	1
1845	2
1846	5
1847	3
1848	4
1849	1
1850	3
1851	2
1852	1
1853	5
1854	2
1855	3
1856	3
1857	1
1858	4
1860	2
1861	2
1862	3
1863	1
1864	1
1866	1
1867	2
1868	1
1869	2
1870	1
1871	3
1872	4
1875	3
1876	1
1877	4
1878	1
1880	4
1882	2
1885	3
1886	2
1887	1
1889	3
1890	2
1891	4
1892	1
1893	6
1894	1
1895	1
1896	3
1897	2
1898	1
1899	1
1900	1
1902	1
1903	1
1904	1
1905	4
1906	1
1907	2
1909	2
1913	1
1914	5
1915	2
1916	4
1917	3
1918	2
1919	2
1920	1
1921	1
1922	1
1923	1
1924	1
1926	5
1928	1
1930	3
1931	2
1933	2
1934	1
1935	1
1936	3
1937	1
1938	4
1939	3
1940	1
1941	1
1943	2
1944	2
1945	1
1946	2
1948	3
1950	2
1951	1
1952	3
1953	2
1954	1
1955	2
1956	1
1957	3
1963	3
1964	1
1965	1
1966	1
1968	1
1969	2
1970	4
1971	2
1972	1
1973	1
1974	1
1975	1
1976	2
1977	1
1978	3
1979	1
1980	2
1981	2
1982	1
1983	2
1984	2
1985	3
1986	3
1988	2
1992	1
1994	1
1998	1
1999	1
2002	2
2003	5
2006	2
2008	1
2009	3
2010	5
2012	1
2013	1
2014	2
2015	1
2016	2
2018	1
2020	3
2022	2
2023	2
2025	1
2026	1
2027	2
2030	1
2032	1
2033	3
2034	1
2035	3
2037	1
2038	1
2039	1
2041	2
2042	3
2043	2
2044	3
2045	1
2046	1
2047	2
2048	1
2049	1
2050	2
2051	1
2052	3
2053	1
2054	3
2055	2
2056	3
2057	1
2059	1
2060	1
2061	2
2064	3
2065	6
2066	4
2067	3
2069	1
2070	1
2072	1
2073	1
2074	2
2076	6
2078	3
2079	1
2080	1
2084	1
2085	1
2086	1
2087	1
2088	2
2089	4
2091	1
2092	2
2095	1
2096	3
2097	1
2099	1
2100	1
2102	2
2103	2
2104	1
2108	3
2109	2
2110	1
2111	1
2112	2
2113	2
2114	2
2115	1
2116	2
2117	1
2118	1
2120	1
2122	1
2123	2
2126	1
2127	1
2129	1
2130	1
2131	2
2132	3
2134	2
2135	1
2136	1
2138	1
2139	1
2142	2
2144	3
2145	2
2146	2
2147	1
2148	2
2150	1
2155	2
2158	1
2160	1
2161	2
2162	2
2163	2
2165	1
2166	1
2168	1
2170	3
2171	1
2172	1
2173	1
2176	1
2177	2
2180	2
2181	2
2182	2
2183	2
2184	1
2186	2
2187	1
2188	2
2190	1
2191	1
2192	2
2194	1
2195	1
2196	3
2197	1
2198	1
2199	1
2200	1
2202	3
2203	1
2206	1
2207	1
2209	2
2210	3
2211	4
2213	1
2215	2
2217	1
2218	1
2219	2
2220	3
2222	2
2225	2
2226	4
2228	1
2230	1
2231	3
2233	1
2238	1
2240	1
2243	1
2247	1
2248	1
2249	1
2251	2
2252	3
2254	1
2255	1
2257	2
2259	2
2262	1
2263	2
2264	2
2265	1
2266	2
2267	3
2269	1
2271	1
2272	1
2275	1
2276	2
2277	1
2278	2
2279	3
2280	2
2281	2
2282	2
2284	1
2285	1
2286	1
2289	2
2290	1
2291	1
2293	2
2295	1
2297	2
2299	2
2300	1
2301	1
2302	3
2304	1
2309	2
2312	1
2313	1
2314	1
2315	2
2317	2
2318	2
2319	2
2321	1
2322	3
2323	1
2324	1
2325	1
2326	1
2327	1
2330	1
2331	1
2332	2
2335	1
2336	1
2337	2
2338	1
2339	1
2340	1
2342	3
2344	3
2348	2
2349	3
2357	1
2359	1
2360	1
2361	1
2363	1
2365	1
2366	1
2370	1
2371	1
2372	1
2373	3
2375	1
2376	1
2378	1
2380	2
2382	1
2384	1
2385	1
2386	1
2388	1
2392	1
2396	4
2397	1
2399	2
2401	1
2402	1
2403	3
2404	2
2406	1
2407	2
2408	1
2413	2
2414	1
2415	1
2417	3
2418	1
2420	1
2421	1
2424	2
2427	3
2432	1
2434	2
2435	1
2441	1
2442	2
2443	3
2444	1
2445	1
2446	2
2449	1
2450	3
2451	1
2452	1
2457	1
2458	1
2459	2
2460	1
2462	2
2464	2
2465	2
2466	1
2469	3
2471	1
2472	1
2474	3
2482	2
2484	1
2485	2
2486	2
2487	2
2488	1
2490	2
2491	1
2492	1
2494	1
2497	1
2498	1
2501	1
2504	1
2505	1
2506	2
2507	2
2509	1
2510	1
2512	2
2513	2
2515	1
2516	1
2517	1
2518	1
2520	1
2521	1
2522	1
2524	1
2525	2
2526	2
2527	1
2530	2
2531	1
2532	2
2533	1
2534	1
2535	1
2537	1
2540	3
2544	1
2546	3
2547	2
2549	2
2552	1
2557	1
2558	1
2562	1
2563	1
2564	3
2567	1
2568	1
2569	2
2570	1
2571	1
2573	1
2574	1
2577	2
2578	2
2580	2
2581	1
2582	1
2584	1
2586	1
2588	2
2590	1
2591	2
2593	1
2596	2
2597	1
2599	2
2604	2
2605	1
2606	1
2609	1
2610	1
2611	2
2613	1
2620	1
2624	1
2625	2
2626	1
2627	2
2628	1
2629	1
2630	1
2634	2
2635	2
2636	2
2638	3
2640	3
2642	1
2645	1
2647	1
2648	2
2649	4
2652	1
2654	1
2657	1
2658	1
2660	1
2661	1
2663	2
2665	1
2666	1
2667	1
2680	1
2681	1
2683	1
2684	1
2686	1
2688	2
2689	1
2691	1
2692	1
2694	1
2695	2
2697	1
2698	1
2700	3
2701	1
2702	2
2703	1
2704	1
2706	2
2708	1
2711	1
2712	1
2714	1
2716	2
2725	1
2726	1
2731	1
2732	1
2735	1
2736	1
2738	2
2742	1
2743	1
2745	2
2746	2
2754	1
2757	1
2760	1
2761	1
2763	1
2764	1
2768	2
2770	1
2771	1
2779	2
2780	2
2790	1
2797	2
2798	1
2802	2
2803	2
2804	1
2805	1
2812	1
2813	1
2815	2
2816	1
2820	1
2821	1
2822	1
2826	1
2830	1
2831	1
2832	1
2837	1
2853	1
2855	1
2856	3
2858	2
2859	1
2862	1
2866	1
2869	1
2870	1
2871	1
2872	1
2873	1
2882	1
2884	2
2888	1
2892	1
2896	1
2897	1
2903	2
2906	1
2907	2
2910	1
2916	1
2919	1
2923	1
2925	1
2927	1
2930	1
2931	1
2932	1
2934	1
2938	2
2939	1
2942	1
2943	1
2945	1
2947	1
2951	1
2960	2
2962	1
2965	1
2972	2
2983	1
2988	2
2990	1
2997	2
2998	1
2999	1
3000	2
3001	1
3002	1
3005	1
3012	1
3017	1
3024	2
3038	1
3041	1
3070	1
3073	1
3074	1
3077	1
3081	2
3085	1
3088	1
3089	1
3090	1
3092	2
3095	1
3098	1
3100	1
3103	1
3104	1
3107	1
3118	1
3122	1
3136	1
3137	2
3139	1
3140	1
3141	1
3151	1
3154	1
3157	1
3160	1
3161	1
3165	1
3167	1
3171	1
3172	1
3174	1
3176	1
3178	1
3182	2
3185	1
3192	1
3199	1
3201	1
3206	1
3211	1
3212	1
3218	1
3219	1
3220	1
3222	1
3223	1
3226	2
3230	1
3231	1
3234	1
3249	1
3252	1
3257	1
3259	1
3262	1
3264	1
3265	2
3266	1
3268	1
3278	1
3282	1
3285	2
3286	1
3287	1
3292	1
3298	1
3300	1
3316	1
3317	1
3339	1
3346	1
3347	1
3352	1
3356	2
3363	1
3364	1
3365	1
3380	2
3386	1
3387	1
3388	1
3389	1
3396	1
3408	1
3411	1
3414	1
3424	1
3426	1
3429	1
3440	2
3445	1
3448	1
3456	1
3457	2
3460	1
3473	1
3475	1
3477	1
3478	1
3496	1
3514	1
3516	1
3539	1
3572	1
3586	2
3590	1
3600	1
3613	1
3615	1
3619	1
3629	1
3636	1
3638	1
3640	1
3650	1
3666	2
3669	1
3674	2
3676	1
3710	1
3712	1
3735	1
3736	1
3737	1
3757	1
3762	1
3792	1
3797	1
3808	1
3822	1
3833	1
3836	1
3838	1
3847	1
3852	1
3910	1
3922	1
3927	1
3929	1
3932	1
4021	1
4022	1
4029	1
4032	1
4039	1
4107	1
4132	1
4182	1
4184	1
4204	1
4229	1
4241	1
4252	1
4265	1
4281	1
4282	1
4338	1
4367	1
4389	1
4396	1
4408	1
4459	1
4497	1
4542	1
4576	1
4582	1
4589	1
4598	1
4673	1
4716	1
4815	1
4851	1
4965	1
6051	1
6556	1
