1	4236
2	2336
3	2687
4	1980
5	2172
6	1680
7	1657
8	1307
9	1347
10	1104
11	1112
12	1030
13	1101
14	916
15	963
16	803
17	891
18	813
19	783
20	790
21	825
22	785
23	780
24	693
25	742
26	710
27	704
28	673
29	661
30	677
31	633
32	634
33	663
34	636
35	635
36	621
37	627
38	523
39	522
40	546
41	537
42	466
43	496
44	490
45	444
46	459
47	466
48	451
49	438
50	454
51	411
52	394
53	385
54	395
55	388
56	374
57	374
58	357
59	366
60	348
61	340
62	337
63	333
64	287
65	340
66	326
67	288
68	308
69	297
70	274
71	271
72	266
73	295
74	264
75	296
76	273
77	290
78	269
79	262
80	282
81	256
82	259
83	237
84	267
85	274
86	225
87	263
88	249
89	247
90	241
91	244
92	268
93	235
94	224
95	194
96	244
97	193
98	207
99	220
100	203
101	209
102	198
103	203
104	184
105	188
106	198
107	189
108	177
109	172
110	174
111	176
112	170
113	189
114	181
115	166
116	171
117	159
118	149
119	141
120	127
121	150
122	135
123	162
124	138
125	154
126	106
127	158
128	126
129	126
130	137
131	146
132	134
133	116
134	116
135	123
136	100
137	111
138	99
139	107
140	98
141	96
142	102
143	126
144	113
145	91
146	106
147	93
148	89
149	117
150	108
151	104
152	89
153	105
154	78
155	113
156	82
157	89
158	73
159	79
160	92
161	75
162	75
163	71
164	75
165	80
166	68
167	64
168	66
169	66
170	71
171	69
172	57
173	66
174	77
175	63
176	53
177	69
178	67
179	57
180	55
181	62
182	62
183	65
184	60
185	57
186	62
187	45
188	63
189	47
190	57
191	50
192	54
193	57
194	50
195	50
196	48
197	57
198	56
199	51
200	54
201	50
202	47
203	38
204	47
205	52
206	44
207	41
208	47
209	39
210	41
211	38
212	34
213	34
214	32
215	41
216	38
217	42
218	37
219	37
220	24
221	28
222	48
223	29
224	42
225	37
226	32
227	42
228	36
229	32
230	31
231	35
232	34
233	32
234	33
235	33
236	42
237	24
238	34
239	34
240	29
241	42
242	33
243	27
244	19
245	32
246	29
247	33
248	41
249	27
250	30
251	35
252	29
253	36
254	24
255	21
256	34
257	34
258	27
259	20
260	27
261	19
262	21
263	29
264	32
265	18
266	31
267	26
268	26
269	22
270	25
271	31
272	32
273	30
274	26
275	25
276	29
277	23
278	24
279	34
280	19
281	20
282	26
283	28
284	26
285	20
286	31
287	18
288	19
289	30
290	18
291	20
292	29
293	15
294	21
295	16
296	14
297	26
298	19
299	23
300	27
301	23
302	28
303	19
304	15
305	16
306	22
307	21
308	27
309	17
310	32
311	18
312	14
313	23
314	26
315	14
316	20
317	15
318	23
319	25
320	16
321	14
322	16
323	14
324	22
325	16
326	23
327	20
328	15
329	30
330	28
331	12
332	15
333	9
334	21
335	19
336	19
337	17
338	15
339	13
340	16
341	13
342	19
343	16
344	19
345	11
346	9
347	16
348	21
349	19
350	15
351	15
352	13
353	18
354	15
355	9
356	17
357	13
358	9
359	5
360	17
361	11
362	12
363	16
364	10
365	19
366	8
367	13
368	8
369	11
370	20
371	12
372	12
373	11
374	17
375	17
376	18
377	13
378	10
379	19
380	18
381	10
382	8
383	10
384	15
385	8
386	13
387	15
388	12
389	13
390	12
391	9
392	13
393	10
394	7
395	9
396	13
397	15
398	10
399	14
400	11
401	13
402	10
403	13
404	13
405	10
406	12
407	9
408	7
409	12
410	8
411	14
412	5
413	11
414	7
415	11
416	5
417	9
418	12
419	14
420	5
421	7
422	11
423	12
424	8
425	9
426	5
427	15
428	8
429	10
430	9
431	9
432	14
433	7
434	10
435	14
436	11
437	6
438	7
439	15
440	10
441	10
442	10
443	10
444	8
445	8
446	9
447	8
448	12
449	8
450	6
451	5
452	10
453	5
454	9
455	5
456	12
457	7
458	8
459	12
460	7
461	9
462	7
463	6
464	5
465	8
466	5
467	7
468	7
469	10
470	8
471	3
472	7
473	9
474	10
475	10
476	5
477	3
478	15
479	12
480	14
481	12
482	7
483	6
484	15
485	4
486	4
487	5
488	10
489	10
490	4
491	3
492	3
493	7
494	4
495	9
496	7
497	6
498	6
499	7
500	5
501	5
502	12
503	7
504	5
505	7
506	3
507	6
508	8
509	10
510	4
511	4
512	11
513	6
514	4
515	12
516	5
517	7
518	6
519	10
520	10
521	5
522	4
523	6
524	5
525	11
526	4
527	11
528	8
529	4
530	8
531	6
532	5
533	8
534	4
535	2
536	10
537	6
538	6
539	5
540	9
541	6
542	8
543	4
544	5
545	3
546	3
547	3
548	7
549	8
550	9
551	6
552	4
553	4
554	5
555	3
556	6
557	1
558	9
559	8
560	8
561	6
562	5
563	8
564	7
565	6
566	5
567	6
568	5
569	3
570	8
571	3
572	2
573	4
574	1
575	5
576	6
577	5
578	5
579	2
580	6
581	7
582	4
583	5
584	4
585	3
586	3
587	4
588	5
589	5
590	7
591	2
592	3
593	6
594	3
595	3
596	5
597	4
598	4
599	4
600	1
601	4
602	5
603	2
604	5
605	6
606	2
607	5
608	3
609	2
610	5
611	6
612	5
613	3
614	2
615	6
616	2
617	6
618	2
619	8
620	7
621	5
622	6
623	2
624	6
625	5
626	3
627	4
628	5
629	4
630	4
631	3
632	2
633	2
634	3
635	4
636	4
637	2
639	5
640	4
641	4
642	5
643	4
644	4
645	4
646	2
647	3
648	5
649	2
650	3
651	2
652	4
653	7
654	6
655	3
656	2
657	2
658	2
659	3
660	4
661	2
662	4
663	3
664	3
665	1
666	1
667	2
668	2
669	4
670	6
671	6
672	4
673	2
674	1
675	1
676	2
677	3
678	2
679	7
680	3
681	5
683	3
684	6
685	3
686	3
687	3
688	3
689	4
690	2
691	5
693	1
694	3
696	3
697	1
698	3
699	1
700	3
701	4
702	3
703	6
704	3
705	4
706	2
707	1
708	2
709	2
710	3
711	1
712	1
713	1
714	3
715	1
716	2
717	2
718	1
719	4
720	2
721	2
722	1
723	2
724	3
725	2
726	4
727	3
729	1
732	1
733	2
734	2
735	2
736	4
737	1
739	1
740	1
741	2
742	2
743	4
744	1
745	1
746	2
747	1
748	1
749	1
751	1
752	1
753	2
754	5
755	4
756	6
757	1
758	2
759	1
760	3
761	3
762	1
763	5
765	6
768	3
769	2
770	1
771	3
772	1
774	4
775	3
776	2
778	1
779	1
780	7
781	2
782	1
783	1
784	1
785	1
786	2
787	4
788	1
789	1
790	4
792	2
793	3
794	2
795	4
796	2
797	5
798	1
799	3
801	1
802	1
804	2
806	2
807	2
808	2
809	2
811	2
813	2
815	3
817	2
818	1
819	4
820	1
821	1
823	1
824	5
825	3
827	2
828	2
829	1
830	2
831	2
832	2
834	2
837	1
838	2
839	2
840	1
843	2
844	1
848	1
849	3
850	3
851	2
852	3
853	1
854	1
855	1
856	2
858	3
859	3
860	1
862	3
864	1
865	4
866	1
867	4
868	1
869	1
871	2
872	3
874	1
875	1
876	2
879	1
880	3
883	2
885	2
886	2
888	1
889	1
891	3
892	1
893	2
894	1
895	1
896	2
898	3
899	4
900	2
902	1
905	3
906	1
908	1
909	2
910	2
911	4
913	2
914	2
915	4
916	1
917	1
919	2
920	4
921	1
923	1
924	1
925	5
927	2
928	4
930	1
931	1
932	2
933	3
935	1
936	2
940	1
941	1
942	2
943	2
946	2
947	2
950	1
952	2
953	1
956	1
958	1
960	2
966	2
967	2
968	1
970	2
971	1
973	2
975	2
978	2
979	1
981	1
982	1
986	1
989	1
992	1
993	3
994	1
996	1
997	3
998	1
1000	1
1001	1
1002	1
1003	2
1004	1
1007	1
1009	1
1010	1
1011	1
1013	1
1015	1
1018	1
1019	1
1020	4
1022	1
1023	1
1025	1
1027	1
1028	1
1029	1
1030	1
1032	2
1033	1
1036	1
1040	1
1042	1
1043	1
1045	1
1055	1
1056	1
1058	2
1059	1
1060	1
1066	1
1068	1
1069	1
1070	1
1071	1
1073	2
1083	1
1085	1
1087	2
1088	2
1093	2
1096	1
1097	1
1098	1
1099	1
1100	1
1101	1
1103	1
1104	1
1105	2
1110	1
1112	1
1113	1
1114	1
1116	3
1118	1
1119	1
1121	1
1124	1
1125	1
1129	3
1131	3
1133	1
1134	2
1136	1
1138	1
1139	1
1141	1
1144	1
1145	2
1147	1
1148	1
1150	2
1151	1
1154	2
1156	1
1157	1
1158	1
1160	1
1162	1
1165	1
1166	1
1169	1
1171	1
1172	2
1180	1
1183	2
1185	1
1187	1
1199	1
1200	2
1202	1
1205	1
1208	1
1211	1
1213	1
1230	1
1231	1
1233	1
1234	1
1237	1
1239	1
1240	1
1243	1
1247	1
1249	2
1256	1
1262	1
1265	1
1271	1
1274	1
1275	1
1277	1
1282	1
1284	1
1285	1
1298	1
1300	1
1306	1
1313	2
1315	2
1319	1
1321	1
1324	1
1326	1
1332	2
1336	1
1338	2
1353	1
1357	1
1360	1
1363	1
1364	1
1365	1
1370	2
1372	2
1379	1
1381	1
1384	1
1399	1
1400	1
1402	1
1405	1
1406	1
1413	1
1415	1
1417	1
1421	1
1428	1
1434	2
1440	1
1445	1
1454	1
1455	1
1457	1
1471	1
1477	1
1479	1
1489	1
1491	2
1497	1
1510	2
1511	1
1515	1
1516	1
1519	1
1521	1
1522	1
1543	1
1556	1
1561	2
1565	3
1568	1
1571	1
1572	1
1574	1
1579	1
1581	1
1595	1
1609	1
1633	1
1636	1
1643	1
1698	1
1711	1
1719	1
1750	1
1757	1
1804	1
1810	1
1850	1
1859	1
1869	1
1877	1
1905	1
1919	1
1920	1
1921	1
1932	1
1966	1
1986	3
2012	1
2030	1
2081	1
2092	1
2374	1
2417	1
2451	1
2626	1
2658	1
2772	1
3014	1
3214	1
3538	1
4380	1
