1	4731
2	2374
3	2620
4	2056
5	2121
6	1725
7	1681
8	1356
9	1280
10	1238
11	1258
12	1100
13	1127
14	1109
15	1015
16	893
17	859
18	855
19	882
20	749
21	791
22	746
23	751
24	717
25	660
26	663
27	648
28	578
29	590
30	546
31	522
32	560
33	540
34	477
35	470
36	475
37	467
38	461
39	454
40	441
41	448
42	458
43	415
44	382
45	353
46	391
47	391
48	358
49	355
50	358
51	347
52	354
53	324
54	321
55	327
56	308
57	299
58	297
59	304
60	265
61	272
62	299
63	269
64	256
65	276
66	282
67	276
68	253
69	251
70	254
71	246
72	229
73	253
74	239
75	227
76	231
77	230
78	223
79	208
80	219
81	220
82	215
83	189
84	191
85	194
86	205
87	166
88	176
89	177
90	177
91	185
92	178
93	176
94	175
95	186
96	182
97	186
98	191
99	187
100	157
101	151
102	154
103	176
104	179
105	172
106	158
107	146
108	153
109	159
110	167
111	146
112	143
113	151
114	145
115	136
116	137
117	147
118	142
119	119
120	130
121	141
122	139
123	133
124	124
125	135
126	110
127	130
128	132
129	122
130	138
131	136
132	130
133	134
134	129
135	126
136	106
137	144
138	106
139	121
140	130
141	122
142	96
143	131
144	114
145	103
146	100
147	105
148	120
149	111
150	94
151	118
152	112
153	121
154	75
155	88
156	99
157	85
158	100
159	98
160	96
161	94
162	87
163	84
164	91
165	82
166	85
167	88
168	76
169	93
170	84
171	96
172	83
173	81
174	94
175	94
176	64
177	70
178	86
179	77
180	82
181	66
182	66
183	79
184	98
185	77
186	58
187	71
188	59
189	67
190	60
191	66
192	74
193	65
194	63
195	48
196	73
197	59
198	66
199	62
200	65
201	54
202	62
203	62
204	54
205	67
206	66
207	64
208	54
209	59
210	57
211	51
212	59
213	56
214	53
215	58
216	37
217	48
218	63
219	51
220	38
221	51
222	57
223	48
224	37
225	52
226	36
227	55
228	43
229	51
230	44
231	57
232	47
233	49
234	41
235	39
236	28
237	41
238	46
239	48
240	47
241	41
242	33
243	37
244	61
245	44
246	39
247	31
248	34
249	39
250	37
251	43
252	34
253	29
254	32
255	36
256	23
257	41
258	27
259	43
260	32
261	31
262	38
263	30
264	29
265	33
266	31
267	32
268	33
269	26
270	44
271	31
272	28
273	45
274	25
275	28
276	26
277	40
278	26
279	35
280	27
281	34
282	24
283	26
284	30
285	24
286	30
287	28
288	19
289	24
290	16
291	11
292	22
293	23
294	26
295	15
296	29
297	19
298	17
299	22
300	20
301	22
302	22
303	22
304	18
305	25
306	15
307	22
308	29
309	18
310	18
311	22
312	18
313	17
314	18
315	15
316	23
317	13
318	19
319	20
320	25
321	14
322	23
323	22
324	18
325	19
326	18
327	13
328	19
329	13
330	24
331	12
332	19
333	14
334	18
335	23
336	18
337	16
338	19
339	14
340	15
341	16
342	14
343	22
344	12
345	22
346	18
347	20
348	16
349	20
350	12
351	11
352	5
353	22
354	17
355	18
356	16
357	18
358	17
359	19
360	12
361	17
362	16
363	19
364	18
365	18
366	11
367	12
368	16
369	12
370	14
371	8
372	12
373	20
374	12
375	5
376	13
377	15
378	11
379	9
380	12
381	8
382	12
383	9
384	9
385	11
386	7
387	19
388	9
389	12
390	10
391	5
392	5
393	17
394	8
395	11
396	7
397	18
398	8
399	7
400	12
401	7
402	9
403	11
404	15
405	12
406	12
407	12
408	10
409	15
410	10
411	8
412	5
413	12
414	10
415	12
416	7
417	7
418	8
419	6
420	11
421	10
422	11
423	8
424	7
425	10
426	11
427	16
428	4
429	10
430	8
431	9
432	13
433	5
434	3
435	9
436	6
437	2
438	12
439	12
440	4
441	7
442	7
443	6
444	4
445	7
446	10
447	6
448	4
449	7
450	6
451	6
452	4
453	6
454	5
455	5
456	2
457	7
458	10
459	3
460	2
461	6
462	5
463	8
464	6
465	3
466	8
467	4
468	10
469	7
470	4
471	5
472	12
473	6
474	5
475	3
476	5
477	8
478	5
479	5
480	2
481	8
482	4
483	4
484	3
485	3
486	5
487	6
488	7
489	5
490	7
491	6
492	5
493	4
494	3
495	7
496	3
497	4
498	3
499	2
500	3
501	4
502	4
503	5
504	1
505	4
506	5
507	3
508	4
509	2
510	5
511	6
512	2
513	4
514	4
516	3
517	4
518	6
519	4
520	6
521	7
522	3
523	4
524	2
525	2
526	10
527	2
528	2
529	2
530	3
531	3
532	2
533	3
534	1
535	8
536	3
537	4
538	7
539	5
540	5
541	6
542	6
543	1
544	2
545	5
546	7
547	2
548	2
549	2
550	4
551	4
552	3
553	2
554	2
555	5
556	3
557	1
558	2
559	2
560	3
561	1
562	5
563	6
564	4
565	3
566	1
567	2
568	2
570	4
571	6
572	2
573	2
574	1
575	2
576	3
577	2
578	2
579	2
580	4
582	6
583	1
584	2
585	1
586	1
587	3
588	3
589	4
590	1
591	6
592	2
593	1
594	2
595	4
596	4
597	2
598	1
599	3
600	3
601	2
603	1
604	2
605	1
608	2
609	5
610	1
611	1
612	2
613	3
615	4
617	3
618	1
619	1
620	6
621	3
622	3
623	1
624	2
625	1
626	2
627	2
628	1
629	1
630	1
631	3
632	1
633	1
636	1
638	1
639	1
640	1
644	1
646	3
647	1
648	2
649	2
650	1
651	1
653	2
654	2
655	1
656	4
658	2
659	1
660	2
661	3
662	2
663	1
664	2
665	1
667	3
668	1
670	1
671	2
672	1
673	2
675	1
676	4
677	1
678	2
679	1
681	2
682	2
683	2
685	1
686	3
687	3
689	2
690	1
691	2
693	1
697	2
699	3
700	1
702	1
703	1
704	3
705	2
710	2
711	1
712	2
718	1
719	2
721	1
722	1
724	1
727	1
728	1
729	2
730	2
731	1
732	2
734	1
735	3
739	2
742	2
747	3
749	1
750	2
753	3
758	1
762	2
765	3
766	2
767	2
768	1
773	1
774	1
776	3
780	2
781	2
782	1
784	1
785	1
786	1
787	2
793	1
794	1
796	1
797	1
798	1
801	1
802	1
804	2
805	1
810	2
813	2
814	1
818	1
822	3
824	1
829	1
830	3
832	1
834	2
835	1
841	1
842	4
854	1
861	1
862	2
872	1
874	1
876	1
877	1
887	2
893	1
903	1
905	1
906	1
908	1
909	1
911	1
920	1
921	1
924	1
928	1
930	1
933	1
938	3
940	1
945	1
946	1
951	1
957	1
962	1
967	2
968	2
975	2
976	1
980	2
989	1
1001	1
1002	1
1004	1
1015	1
1017	1
1024	1
1032	1
1033	1
1037	1
1039	1
1044	1
1045	1
1047	1
1048	1
1053	2
1070	1
1073	1
1075	1
1083	1
1087	1
1096	1
1111	2
1113	1
1124	1
1128	1
1132	1
1172	1
1177	1
1180	1
1210	1
1221	1
1225	1
1227	1
1233	1
1235	1
1249	1
1296	1
1330	1
1332	1
1360	2
1409	1
1434	1
1485	1
