1	4436
2	2271
3	2720
4	1903
5	2080
6	1589
7	1797
8	1408
9	1715
10	1221
11	1391
12	1137
13	1211
14	1020
15	1018
16	915
17	997
18	911
19	878
20	774
21	714
22	700
23	668
24	648
25	621
26	582
27	574
28	554
29	546
30	520
31	547
32	472
33	467
34	479
35	492
36	454
37	459
38	474
39	432
40	453
41	401
42	432
43	375
44	385
45	356
46	363
47	377
48	348
49	321
50	323
51	337
52	339
53	320
54	347
55	314
56	296
57	271
58	306
59	241
60	286
61	304
62	296
63	259
64	271
65	251
66	262
67	239
68	251
69	272
70	242
71	258
72	230
73	251
74	215
75	208
76	226
77	228
78	214
79	212
80	226
81	215
82	222
83	213
84	236
85	208
86	200
87	206
88	207
89	206
90	210
91	193
92	201
93	213
94	207
95	185
96	163
97	175
98	193
99	188
100	182
101	168
102	177
103	177
104	162
105	159
106	167
107	176
108	156
109	151
110	167
111	130
112	173
113	144
114	151
115	166
116	163
117	139
118	158
119	130
120	147
121	147
122	142
123	141
124	132
125	162
126	141
127	136
128	126
129	146
130	148
131	149
132	140
133	131
134	137
135	113
136	135
137	123
138	117
139	120
140	122
141	113
142	104
143	127
144	109
145	115
146	102
147	121
148	103
149	122
150	99
151	93
152	119
153	101
154	107
155	106
156	107
157	110
158	134
159	115
160	92
161	99
162	99
163	103
164	94
165	96
166	99
167	88
168	93
169	92
170	77
171	102
172	94
173	102
174	82
175	108
176	77
177	76
178	89
179	97
180	84
181	88
182	80
183	58
184	80
185	79
186	81
187	82
188	74
189	74
190	60
191	64
192	78
193	60
194	77
195	64
196	76
197	68
198	62
199	49
200	70
201	73
202	56
203	74
204	76
205	68
206	59
207	70
208	52
209	64
210	52
211	53
212	69
213	54
214	49
215	56
216	64
217	58
218	53
219	56
220	50
221	48
222	48
223	53
224	68
225	35
226	56
227	52
228	39
229	61
230	56
231	59
232	46
233	43
234	45
235	42
236	50
237	46
238	61
239	41
240	41
241	50
242	44
243	41
244	45
245	44
246	32
247	47
248	49
249	51
250	35
251	33
252	47
253	42
254	34
255	26
256	34
257	43
258	55
259	38
260	41
261	37
262	35
263	34
264	45
265	38
266	41
267	46
268	42
269	45
270	33
271	28
272	32
273	38
274	33
275	34
276	30
277	36
278	35
279	44
280	28
281	28
282	31
283	37
284	29
285	29
286	26
287	40
288	27
289	23
290	31
291	34
292	27
293	36
294	21
295	30
296	35
297	26
298	25
299	25
300	29
301	25
302	24
303	22
304	21
305	24
306	23
307	30
308	22
309	24
310	23
311	43
312	30
313	31
314	30
315	20
316	23
317	25
318	14
319	24
320	22
321	20
322	20
323	27
324	15
325	30
326	22
327	19
328	21
329	19
330	19
331	31
332	12
333	20
334	20
335	27
336	25
337	32
338	21
339	16
340	25
341	26
342	22
343	18
344	21
345	21
346	21
347	19
348	24
349	14
350	15
351	23
352	27
353	14
354	22
355	27
356	18
357	21
358	20
359	16
360	18
361	17
362	16
363	21
364	18
365	22
366	20
367	16
368	13
369	23
370	18
371	19
372	12
373	19
374	12
375	13
376	11
377	17
378	17
379	13
380	15
381	24
382	16
383	20
384	12
385	19
386	19
387	13
388	11
389	12
390	10
391	11
392	10
393	9
394	7
395	12
396	12
397	17
398	10
399	14
400	14
401	15
402	14
403	9
404	11
405	7
406	16
407	11
408	17
409	9
410	14
411	14
412	10
413	6
414	7
415	13
416	12
417	19
418	12
419	14
420	12
421	8
422	13
423	16
424	15
425	15
426	10
427	9
428	8
429	10
430	13
431	7
432	7
433	14
434	7
435	9
436	5
437	11
438	6
439	6
440	14
441	6
442	11
443	16
444	10
445	10
446	7
447	11
448	8
449	7
450	10
451	8
452	9
453	6
454	11
455	11
456	11
457	16
458	11
459	14
460	7
461	9
462	13
463	8
464	4
465	4
466	7
467	11
468	16
469	7
470	8
471	11
472	7
473	4
474	5
475	9
476	6
477	11
478	7
479	7
480	8
481	5
482	3
483	5
484	9
485	6
486	13
487	9
488	12
489	9
490	10
491	5
492	4
493	14
494	4
495	8
496	6
497	9
498	7
499	3
500	8
501	12
502	6
503	5
504	6
505	10
506	4
507	9
508	5
509	9
510	5
511	7
512	2
513	7
514	7
515	4
516	5
517	5
518	6
519	7
520	6
521	5
522	7
523	10
524	10
525	7
526	4
527	7
528	4
529	4
530	5
531	6
532	4
533	3
534	8
535	8
536	5
537	1
538	4
539	9
540	3
541	6
542	5
543	1
544	1
545	9
546	7
547	3
548	4
549	3
550	1
551	4
552	6
553	9
554	7
555	2
556	1
557	5
558	6
559	7
560	8
561	4
562	6
563	3
564	4
565	5
566	2
567	4
568	3
569	3
570	6
571	1
572	9
573	4
574	3
575	5
576	4
577	2
578	1
579	5
580	2
581	5
582	4
583	4
584	7
585	4
586	1
587	4
588	7
589	2
590	5
591	1
592	2
593	5
594	1
595	4
596	6
597	1
598	1
599	5
600	2
601	3
602	4
603	7
604	3
605	5
606	2
607	4
608	3
609	8
610	1
612	1
613	3
614	2
615	4
616	4
617	3
619	5
620	1
621	5
622	3
623	5
624	2
625	6
626	7
627	3
628	5
629	2
630	1
631	3
632	1
633	3
634	3
635	6
636	1
637	3
638	4
639	4
640	5
641	2
642	1
643	2
644	3
645	3
646	3
647	6
648	2
649	6
650	1
652	2
653	1
654	2
655	3
656	3
657	4
659	2
661	2
662	2
663	3
664	4
665	1
666	1
667	4
668	2
669	2
670	1
671	2
672	1
673	3
674	4
675	1
676	4
677	1
678	3
679	2
680	3
681	2
682	3
683	1
684	7
686	4
687	4
688	1
690	4
691	3
694	3
696	5
697	4
698	1
699	2
700	3
701	3
702	1
703	3
706	2
707	1
709	2
711	3
712	1
713	3
714	2
716	1
718	1
719	1
720	3
721	2
722	2
724	1
725	2
727	1
728	1
729	2
731	2
732	2
733	1
735	1
736	2
737	1
738	1
739	5
740	2
741	2
742	2
743	3
745	1
746	1
747	2
748	1
749	2
750	1
751	2
752	1
754	1
756	2
757	1
758	1
759	3
760	1
761	2
764	2
765	1
766	4
767	3
768	1
770	2
771	1
774	1
775	1
776	2
778	3
780	2
782	2
783	3
784	2
785	4
786	2
787	2
788	1
789	1
790	1
791	1
792	2
793	1
794	1
796	1
797	4
798	2
799	2
802	1
803	1
804	1
805	2
808	2
809	2
810	1
811	1
814	1
818	1
819	1
820	1
821	2
822	1
824	1
827	3
828	3
829	1
831	1
832	1
833	1
836	2
837	3
839	2
841	1
842	3
843	1
844	1
847	1
851	1
853	1
855	2
858	1
859	2
860	3
862	1
863	3
864	1
865	2
866	1
867	1
870	1
873	1
874	1
876	1
880	2
881	1
882	3
883	1
884	1
885	1
886	1
891	1
893	1
894	1
897	1
902	1
905	1
906	1
911	1
913	2
914	1
918	1
919	2
920	1
921	1
922	3
923	2
924	1
928	2
929	2
931	2
932	1
947	1
950	1
953	1
954	1
955	1
957	1
959	1
960	3
963	1
966	1
968	2
969	2
970	1
974	1
975	2
976	1
991	1
992	1
994	1
996	2
999	1
1000	1
1002	1
1008	1
1012	2
1018	1
1019	1
1020	1
1021	1
1024	1
1031	1
1032	1
1033	1
1046	1
1060	1
1064	1
1073	2
1080	1
1097	1
1099	1
1100	2
1104	1
1107	1
1112	2
1124	1
1128	1
1129	1
1155	1
1156	1
1157	1
1162	1
1163	1
1177	1
1193	1
1205	1
1207	1
1228	1
1232	1
1236	1
1246	1
1259	1
1267	1
1293	1
1325	1
1336	1
1344	1
1462	1
1481	1
1538	1
1626	1
1917	1
1919	1
