1	4077
2	2130
3	2518
4	2010
5	2180
6	1683
7	1576
8	1273
9	1364
10	1163
11	1170
12	1114
13	996
14	919
15	998
16	840
17	860
18	791
19	727
20	793
21	843
22	753
23	739
24	728
25	709
26	746
27	681
28	683
29	662
30	688
31	734
32	704
33	674
34	676
35	624
36	583
37	605
38	600
39	608
40	542
41	553
42	517
43	517
44	475
45	539
46	456
47	475
48	475
49	501
50	408
51	452
52	383
53	407
54	435
55	413
56	388
57	396
58	380
59	397
60	373
61	356
62	357
63	337
64	334
65	313
66	310
67	299
68	364
69	319
70	322
71	313
72	309
73	283
74	278
75	295
76	272
77	293
78	222
79	278
80	284
81	261
82	235
83	274
84	223
85	279
86	257
87	258
88	246
89	247
90	264
91	235
92	251
93	253
94	234
95	220
96	239
97	223
98	190
99	205
100	221
101	209
102	203
103	170
104	178
105	198
106	188
107	217
108	199
109	190
110	182
111	180
112	206
113	158
114	193
115	169
116	177
117	177
118	176
119	177
120	149
121	169
122	165
123	153
124	153
125	137
126	152
127	144
128	145
129	162
130	135
131	116
132	129
133	111
134	117
135	138
136	124
137	112
138	104
139	109
140	94
141	124
142	105
143	101
144	98
145	107
146	91
147	108
148	86
149	112
150	97
151	98
152	113
153	97
154	96
155	103
156	89
157	77
158	70
159	83
160	92
161	98
162	74
163	81
164	73
165	71
166	93
167	76
168	100
169	84
170	78
171	67
172	62
173	79
174	77
175	70
176	65
177	78
178	72
179	65
180	62
181	67
182	60
183	61
184	61
185	58
186	67
187	74
188	56
189	43
190	54
191	77
192	61
193	57
194	48
195	72
196	52
197	52
198	40
199	48
200	55
201	43
202	56
203	65
204	42
205	32
206	55
207	46
208	47
209	65
210	37
211	40
212	47
213	38
214	42
215	41
216	39
217	41
218	41
219	52
220	32
221	51
222	42
223	44
224	34
225	37
226	38
227	39
228	41
229	37
230	38
231	53
232	28
233	25
234	41
235	39
236	34
237	29
238	35
239	29
240	28
241	25
242	28
243	45
244	30
245	31
246	23
247	33
248	37
249	33
250	28
251	37
252	27
253	27
254	25
255	36
256	30
257	24
258	36
259	25
260	32
261	29
262	36
263	30
264	40
265	32
266	27
267	32
268	31
269	31
270	25
271	35
272	26
273	28
274	24
275	27
276	28
277	22
278	28
279	26
280	20
281	35
282	26
283	24
284	23
285	31
286	21
287	23
288	33
289	16
290	25
291	16
292	21
293	26
294	19
295	28
296	27
297	15
298	23
299	25
300	22
301	17
302	30
303	22
304	18
305	25
306	23
307	21
308	22
309	17
310	26
311	21
312	20
313	27
314	17
315	20
316	15
317	23
318	27
319	12
320	15
321	31
322	15
323	15
324	19
325	19
326	13
327	16
328	31
329	21
330	14
331	15
332	18
333	14
334	20
335	19
336	9
337	18
338	24
339	12
340	13
341	22
342	16
343	22
344	18
345	18
346	17
347	17
348	19
349	17
350	19
351	14
352	18
353	21
354	19
355	15
356	16
357	12
358	19
359	14
360	12
361	28
362	9
363	14
364	14
365	13
366	19
367	8
368	16
369	17
370	6
371	16
372	16
373	14
374	14
375	19
376	15
377	21
378	15
379	13
380	12
381	11
382	10
383	9
384	7
385	14
386	16
387	13
388	12
389	19
390	14
391	14
392	13
393	11
394	6
395	11
396	10
397	14
398	15
399	12
400	8
401	11
402	4
403	7
404	12
405	20
406	19
407	11
408	9
409	15
410	11
411	17
412	12
413	9
414	8
415	12
416	13
417	8
418	14
419	12
420	12
421	10
422	19
423	18
424	7
425	10
426	9
427	14
428	5
429	5
430	12
431	9
432	9
433	6
434	11
435	13
436	11
437	10
438	12
439	12
440	15
441	8
442	13
443	8
444	8
445	9
446	11
447	5
448	13
449	13
450	11
451	13
452	11
453	10
454	10
455	7
456	8
457	10
458	8
459	9
460	7
461	7
462	2
463	11
464	5
465	11
466	4
467	8
468	7
469	12
470	9
471	6
472	4
473	9
474	5
475	12
476	4
477	7
478	6
479	4
480	4
481	4
482	6
483	4
484	8
485	3
486	13
487	10
488	13
489	6
490	8
491	6
492	9
493	8
494	9
495	7
496	6
497	8
498	4
499	6
500	5
501	10
502	4
503	6
504	4
505	4
506	2
507	8
508	3
509	3
510	8
511	1
512	5
513	5
514	1
515	4
516	5
517	9
518	5
519	3
520	6
521	5
522	10
523	3
524	2
525	8
527	7
528	5
529	7
530	4
531	1
532	4
533	5
534	3
535	11
536	7
537	8
538	9
539	7
540	7
541	3
542	6
543	5
544	7
545	5
546	6
547	6
548	6
549	7
550	8
551	3
552	3
553	6
554	7
555	8
556	11
557	6
558	5
559	3
560	5
561	11
562	5
563	10
564	7
565	4
566	8
567	4
568	4
569	9
570	2
571	5
572	9
573	7
574	6
575	3
576	9
577	5
578	5
579	4
580	1
581	4
582	4
583	3
584	5
585	7
586	7
587	2
588	3
589	5
590	2
591	11
592	7
593	9
594	2
595	2
596	2
597	2
598	4
599	9
600	3
601	3
602	2
603	7
604	1
605	2
606	7
607	4
608	4
609	1
610	4
611	3
612	5
613	4
614	4
615	3
616	4
617	2
618	4
619	3
620	3
621	2
622	5
623	3
624	1
625	5
626	1
627	2
628	4
629	3
630	2
631	4
632	3
633	3
634	4
635	5
636	4
637	4
638	5
639	3
640	3
641	5
642	2
643	2
644	4
645	3
646	5
647	6
648	3
649	1
650	2
651	3
652	6
653	1
654	5
655	2
656	1
657	2
658	5
659	1
660	5
661	5
662	6
663	1
664	5
665	4
666	1
667	3
668	7
669	3
670	6
671	2
672	1
673	2
674	4
675	5
676	1
677	1
678	2
679	2
680	5
681	4
683	6
684	6
685	2
686	3
688	8
689	2
690	2
691	2
692	3
693	4
694	1
695	2
696	2
697	3
699	1
700	4
701	1
702	3
703	5
704	3
705	3
706	1
707	3
708	3
709	1
710	1
711	1
712	2
713	1
715	2
716	5
717	2
719	4
720	2
721	1
722	2
723	4
724	2
725	2
726	3
727	3
729	1
730	4
732	4
733	4
734	3
735	1
737	1
738	1
740	4
741	1
742	1
743	3
744	2
745	5
747	2
748	1
749	2
750	3
751	2
752	1
753	3
754	5
755	2
757	1
758	1
759	2
760	2
762	3
763	2
764	2
765	4
766	1
767	1
768	3
769	2
770	1
771	4
772	3
773	1
775	1
776	2
777	2
778	3
779	1
780	5
781	2
783	3
785	3
787	1
788	1
789	2
790	5
791	1
792	1
793	5
794	2
795	2
796	1
797	1
798	3
799	1
801	1
802	2
803	2
804	1
805	2
806	1
807	2
808	2
809	2
810	5
812	3
813	2
814	1
816	3
817	1
818	2
819	2
821	7
822	2
824	2
825	1
826	3
827	2
829	1
832	2
833	1
837	2
838	1
839	1
840	3
845	1
846	1
847	3
849	1
852	1
853	2
854	2
855	4
856	2
858	1
860	1
861	2
862	2
863	1
864	1
865	3
866	1
867	2
868	1
869	1
871	1
872	1
873	2
874	1
875	3
876	3
877	2
878	1
879	4
880	4
881	3
882	2
883	2
885	1
887	2
888	2
889	1
891	1
893	1
895	2
896	3
897	1
898	1
899	1
903	2
905	1
906	1
907	1
908	1
910	3
911	3
913	1
915	2
917	1
919	2
920	1
921	1
923	2
924	1
925	1
926	3
929	2
930	4
931	1
932	2
933	1
938	1
940	1
941	1
948	1
949	3
950	1
951	2
952	1
953	1
955	3
956	1
957	3
958	2
961	3
963	2
966	1
968	2
970	1
972	1
974	1
976	1
977	1
981	1
982	2
983	1
984	1
987	2
990	2
992	3
994	2
995	1
998	1
999	1
1000	3
1001	1
1002	1
1005	1
1006	1
1008	1
1009	3
1010	1
1011	1
1012	2
1014	1
1015	1
1018	1
1019	1
1021	1
1022	1
1026	1
1030	1
1031	1
1033	1
1034	1
1035	2
1036	2
1039	2
1040	1
1042	1
1044	1
1046	1
1047	1
1048	2
1050	1
1066	2
1071	1
1074	1
1084	1
1085	1
1093	1
1100	2
1106	2
1110	1
1114	2
1115	2
1119	1
1122	1
1123	1
1131	1
1132	1
1133	1
1134	1
1140	1
1145	1
1147	1
1148	1
1150	1
1151	1
1156	1
1157	1
1162	1
1163	1
1165	1
1173	1
1179	1
1180	1
1183	2
1185	2
1189	1
1192	1
1193	1
1194	1
1197	1
1200	1
1205	1
1210	1
1216	1
1224	1
1226	1
1235	1
1236	1
1238	1
1259	1
1261	1
1263	2
1264	1
1267	1
1281	1
1285	1
1288	1
1289	1
1290	1
1298	1
1311	1
1326	1
1333	1
1359	1
1372	1
1374	1
1378	1
1381	1
1415	1
1430	1
1431	1
1448	1
1466	1
1513	1
1523	1
1532	1
1546	1
1573	1
1582	1
1621	1
1660	1
1677	1
1697	1
1705	1
1747	1
1760	1
2126	1
